0 0 1 4 3 9 6 7 0 5 2 8
7 1 1 4 3 9 6 0 7 5 2 8
4 3 1 0 3 9 6 4 7 5 2 8
3 1 1 3 0 9 6 4 7 5 2 8
2 3 1 3 2 9 6 4 7 5 0 8
9 1 1 3 2 0 6 4 7 5 9 8
5 3 1 3 2 5 6 4 7 0 9 8
7 1 1 3 2 5 6 4 0 7 9 8
4 1 1 3 2 5 6 0 4 7 9 8
6 3 1 3 2 5 0 6 4 7 9 8
5 1 1 3 2 0 5 6 4 7 9 8
2 1 1 3 0 2 5 6 4 7 9 8
4 3 1 3 4 2 5 6 0 7 9 8
6 1 1 3 4 2 5 0 6 7 9 8
5 3 1 3 4 2 0 5 6 7 9 8
2 1 1 3 4 0 2 5 6 7 9 8
4 1 1 3 0 4 2 5 6 7 9 8
3 1 1 0 3 4 2 5 6 7 9 8
1 1 0 1 3 4 2 5 6 7 9 8
2 2 2 1 3 4 0 5 6 7 9 8
8 1 2 1 3 4 8 5 6 7 9 0
9 1 2 1 3 4 8 5 6 7 0 9
8 3 2 1 3 4 0 5 6 7 8 9
5 3 2 1 3 4 5 0 6 7 8 9
2 1 0 1 3 4 5 2 6 7 8 9
1 1 1 0 3 4 5 2 6 7 8 9
2 3 1 2 3 4 5 0 6 7 8 9
6 1 1 2 3 4 5 6 0 7 8 9
7 1 1 2 3 4 5 6 7 0 8 9
8 1 1 2 3 4 5 6 7 8 0 9
9 1 1 2 3 4 5 6 7 8 9 0

49 0.21876811981201172