12 0 12 1 4 3 9 6 7 0 5 2 8
11 0 11 1 4 3 9 6 0 7 5 2 8
11 0 11 0 4 3 9 6 1 7 5 2 8
11 0 11 1 0 3 9 6 4 7 5 2 8
10 0 10 1 3 0 9 6 4 7 5 2 8
8 0 8 1 3 2 9 6 4 7 5 0 8
5 0 5 1 3 2 0 6 4 7 5 9 8
4 0 4 1 3 2 5 6 4 7 0 9 8
4 0 4 1 3 2 5 6 4 0 7 9 8
4 0 4 1 3 2 5 6 4 7 9 0 8
4 0 4 1 3 2 5 6 0 4 7 9 8
4 0 4 1 3 2 5 6 4 7 9 8 0
4 0 4 1 3 2 5 0 6 4 7 9 8
4 0 4 1 3 2 0 5 6 4 7 9 8
4 0 4 1 3 0 2 5 6 4 7 9 8
3 0 3 1 3 4 2 5 6 0 7 9 8
3 0 3 1 3 4 2 5 0 6 7 9 8
3 0 3 1 3 4 2 5 6 7 0 9 8
3 0 3 1 3 4 2 0 5 6 7 9 8
3 0 3 1 3 4 2 5 6 7 9 0 8
3 0 3 1 3 4 0 2 5 6 7 9 8
3 0 3 1 3 4 2 5 6 7 9 8 0
3 0 3 1 3 0 4 2 5 6 7 9 8
3 0 3 1 0 3 4 2 5 6 7 9 8
3 0 3 0 1 3 4 2 5 6 7 9 8
2 0 2 2 1 3 4 0 5 6 7 9 8
2 0 2 2 1 3 0 4 5 6 7 9 8
2 0 2 2 1 3 4 5 0 6 7 9 8
2 0 2 2 1 0 3 4 5 6 7 9 8
2 0 2 2 1 3 4 5 6 0 7 9 8
2 0 2 2 0 1 3 4 5 6 7 9 8
2 0 2 2 1 3 4 5 6 7 0 9 8
2 0 2 0 2 1 3 4 5 6 7 9 8
2 0 2 2 1 3 4 5 6 7 9 0 8
2 0 2 2 1 3 4 5 6 7 9 8 0
3 0 3 2 1 3 4 5 8 6 7 9 0
3 0 3 2 1 3 4 5 8 6 7 0 9
3 0 3 2 1 3 4 5 8 6 0 7 9
3 0 3 2 1 3 4 5 8 0 6 7 9
3 0 3 2 1 3 4 5 0 8 6 7 9
3 0 3 2 1 3 4 0 5 8 6 7 9
3 0 3 2 1 3 0 4 5 8 6 7 9
3 0 3 2 1 0 3 4 5 8 6 7 9
3 0 3 2 0 1 3 4 5 8 6 7 9
3 0 3 0 2 1 3 4 5 8 6 7 9
4 0 4 2 1 3 4 7 5 8 6 0 9
4 0 4 0 1 3 4 2 5 8 6 7 9
4 0 4 1 0 4 2 5 3 6 7 9 8
4 0 4 1 0 3 2 5 6 4 7 9 8
4 0 4 2 1 3 4 8 5 6 7 9 0
4 0 4 0 1 3 4 5 2 6 7 9 8
4 0 4 1 4 0 2 5 3 6 7 9 8
4 0 4 0 1 3 2 5 6 4 7 9 8
4 0 4 1 4 3 2 5 6 0 7 9 8
4 0 4 2 1 3 4 8 5 6 7 0 9
1 0 1 2 1 3 4 0 5 6 7 8 9
1 0 1 2 1 3 0 4 5 6 7 8 9
1 0 1 2 1 3 4 5 0 6 7 8 9
1 0 1 2 1 0 3 4 5 6 7 8 9
1 0 1 2 1 3 4 5 6 0 7 8 9
1 0 1 2 0 1 3 4 5 6 7 8 9
1 0 1 2 1 3 4 5 6 7 0 8 9
1 0 1 0 2 1 3 4 5 6 7 8 9
1 0 1 2 1 3 4 5 6 7 8 0 9
1 0 1 2 1 3 4 5 6 7 8 9 0
2 0 2 0 1 3 4 2 5 6 7 8 9
2 0 2 1 0 3 4 2 5 6 7 8 9
2 0 2 1 3 0 4 2 5 6 7 8 9
2 0 2 1 3 4 0 2 5 6 7 8 9
2 0 2 1 3 4 2 0 5 6 7 8 9
2 0 2 1 3 4 2 5 0 6 7 8 9
2 0 2 1 3 4 2 5 6 0 7 8 9
2 0 2 1 3 4 2 5 6 7 0 8 9
2 0 2 1 3 4 2 5 6 7 8 0 9
2 0 2 1 3 4 2 5 6 7 8 9 0
3 0 3 0 1 3 4 5 2 6 7 8 9
3 0 3 1 0 4 2 5 3 6 7 8 9
3 0 3 1 3 0 2 5 6 4 7 8 9
3 0 3 1 0 3 4 5 2 6 7 8 9
0 0 0 1 2 3 4 5 0 6 7 8 9
0 0 0 1 2 3 4 5 6 0 7 8 9
0 0 0 1 2 3 4 0 5 6 7 8 9
0 0 0 1 2 3 4 5 6 7 0 8 9
0 0 0 1 2 3 0 4 5 6 7 8 9
0 0 0 1 2 3 4 5 6 7 8 0 9
0 0 0 1 2 0 3 4 5 6 7 8 9
