0 0 1 4 3 9 6 7 0 5 2 8
7 1 1 4 3 9 6 0 7 5 2 8
6 3 1 4 3 9 0 6 7 5 2 8
8 1 1 4 3 9 8 6 7 5 2 0
2 1 1 4 3 9 8 6 7 5 0 2
9 1 1 4 3 0 8 6 7 5 9 2
2 3 1 4 3 2 8 6 7 5 9 0
9 1 1 4 3 2 8 6 7 5 0 9
8 3 1 4 3 2 0 6 7 5 8 9
9 1 1 4 3 2 9 6 7 5 8 0
2 3 1 4 3 0 9 6 7 5 8 2
5 3 1 4 3 5 9 6 7 0 8 2
8 1 1 4 3 5 9 6 7 8 0 2
9 3 1 4 3 5 0 6 7 8 9 2
2 1 1 4 3 5 2 6 7 8 9 0
6 2 1 4 3 5 2 0 7 8 9 6
2 3 1 4 3 5 0 2 7 8 9 6
5 1 1 4 3 0 5 2 7 8 9 6
8 3 1 4 3 8 5 2 7 0 9 6
4 3 1 0 3 8 5 2 7 4 9 6
2 3 1 2 3 8 5 0 7 4 9 6
6 2 1 2 3 8 5 6 7 4 9 0
9 1 1 2 3 8 5 6 7 4 0 9
8 1 1 2 3 0 5 6 7 4 8 9
4 3 1 2 3 4 5 6 7 0 8 9
8 1 1 2 3 4 5 6 7 8 0 9
9 1 1 2 3 4 5 6 7 8 9 0

50 0.3801760673522949