0 0 2 3 4 0 1 6 7 8 5 10 11 12 9 13 14 15
4 1 2 3 0 4 1 6 7 8 5 10 11 12 9 13 14 15
3 1 2 0 3 4 1 6 7 8 5 10 11 12 9 13 14 15
1 3 2 1 3 4 0 6 7 8 5 10 11 12 9 13 14 15
5 1 2 1 3 4 5 6 7 8 0 10 11 12 9 13 14 15
9 1 2 1 3 4 5 6 7 8 9 10 11 12 0 13 14 15
13 1 2 1 3 4 5 6 7 8 9 10 11 12 13 0 14 15
14 1 2 1 3 4 5 6 7 8 9 10 11 12 13 14 0 15
12 3 2 1 3 4 5 6 7 8 9 10 11 0 13 14 12 15
11 1 2 1 3 4 5 6 7 8 9 10 0 11 13 14 12 15
12 1 2 1 3 4 5 6 7 8 9 10 12 11 13 14 0 15
14 1 2 1 3 4 5 6 7 8 9 10 12 11 13 0 14 15
12 3 2 1 3 4 5 6 7 8 9 10 0 11 13 12 14 15
10 1 2 1 3 4 5 6 7 8 9 0 10 11 13 12 14 15
12 1 2 1 3 4 5 6 7 8 9 12 10 11 13 0 14 15
13 1 2 1 3 4 5 6 7 8 9 12 10 11 0 13 14 15
12 3 2 1 3 4 5 6 7 8 9 0 10 11 12 13 14 15
10 1 2 1 3 4 5 6 7 8 9 10 0 11 12 13 14 15
8 3 2 1 3 4 5 6 7 0 9 10 8 11 12 13 14 15
7 1 2 1 3 4 5 6 0 7 9 10 8 11 12 13 14 15
8 1 2 1 3 4 5 6 8 7 9 10 0 11 12 13 14 15
10 1 2 1 3 4 5 6 8 7 9 0 10 11 12 13 14 15
8 3 2 1 3 4 5 6 0 7 9 8 10 11 12 13 14 15
6 1 2 1 3 4 5 0 6 7 9 8 10 11 12 13 14 15
8 1 2 1 3 4 5 8 6 7 9 0 10 11 12 13 14 15
9 1 2 1 3 4 5 8 6 7 0 9 10 11 12 13 14 15
8 3 2 1 3 4 5 0 6 7 8 9 10 11 12 13 14 15
5 1 2 1 3 4 0 5 6 7 8 9 10 11 12 13 14 15
2 1 0 1 3 4 2 5 6 7 8 9 10 11 12 13 14 15
1 1 1 0 3 4 2 5 6 7 8 9 10 11 12 13 14 15
2 3 1 2 3 4 0 5 6 7 8 9 10 11 12 13 14 15
5 1 1 2 3 4 5 0 6 7 8 9 10 11 12 13 14 15
8 3 1 2 3 4 5 8 6 7 0 9 10 11 12 13 14 15
9 1 1 2 3 4 5 8 6 7 9 0 10 11 12 13 14 15
8 1 1 2 3 4 5 0 6 7 9 8 10 11 12 13 14 15
6 1 1 2 3 4 5 6 0 7 9 8 10 11 12 13 14 15
8 3 1 2 3 4 5 6 8 7 9 0 10 11 12 13 14 15
10 1 1 2 3 4 5 6 8 7 9 10 0 11 12 13 14 15
8 1 1 2 3 4 5 6 0 7 9 10 8 11 12 13 14 15
7 1 1 2 3 4 5 6 7 0 9 10 8 11 12 13 14 15
8 3 1 2 3 4 5 6 7 8 9 10 0 11 12 13 14 15
10 1 1 2 3 4 5 6 7 8 9 0 10 11 12 13 14 15
12 3 1 2 3 4 5 6 7 8 9 12 10 11 0 13 14 15
13 1 1 2 3 4 5 6 7 8 9 12 10 11 13 0 14 15
12 1 1 2 3 4 5 6 7 8 9 0 10 11 13 12 14 15
10 1 1 2 3 4 5 6 7 8 9 10 0 11 13 12 14 15
12 3 1 2 3 4 5 6 7 8 9 10 12 11 13 0 14 15
14 1 1 2 3 4 5 6 7 8 9 10 12 11 13 14 0 15
12 1 1 2 3 4 5 6 7 8 9 10 0 11 13 14 12 15
11 1 1 2 3 4 5 6 7 8 9 10 11 0 13 14 12 15
12 3 1 2 3 4 5 6 7 8 9 10 11 12 13 14 0 15
15 1 1 2 3 4 5 6 7 8 9 10 11 12 13 14 15 0

79 1.3572402000427246