13 0 13 5 1 2 4 9 6 3 7 13 10 0 8 14 15 11 12
13 1 12 5 1 2 4 9 6 3 7 13 10 11 8 14 15 0 12
13 2 11 5 1 2 4 9 6 3 7 13 10 11 8 14 0 15 12
13 2 11 5 1 2 4 9 6 3 7 13 10 11 8 14 15 12 0
13 3 10 5 1 2 4 9 6 3 7 13 10 11 8 0 14 15 12
13 4 9 5 1 2 4 9 6 3 7 0 10 11 8 13 14 15 12
13 5 8 5 1 2 4 0 6 3 7 9 10 11 8 13 14 15 12
13 6 7 0 1 2 4 5 6 3 7 9 10 11 8 13 14 15 12
13 7 6 1 0 2 4 5 6 3 7 9 10 11 8 13 14 15 12
13 8 5 1 2 0 4 5 6 3 7 9 10 11 8 13 14 15 12
13 9 4 1 2 3 4 5 6 0 7 9 10 11 8 13 14 15 12
13 10 3 1 2 3 4 5 6 7 0 9 10 11 8 13 14 15 12
13 11 2 1 2 3 4 5 6 7 8 9 10 11 0 13 14 15 12
12 12 0 1 2 3 4 5 6 7 8 9 10 11 12 13 14 15 0
