19 0 19 5 1 2 4 9 6 3 7 13 10 0 8 14 15 11 12
19 1 18 5 1 2 4 9 6 3 7 13 10 11 8 14 15 0 12
20 1 19 5 1 2 4 9 6 3 7 13 0 10 8 14 15 11 12
20 1 19 5 1 2 4 9 6 3 7 13 10 8 0 14 15 11 12
20 2 18 5 1 2 4 9 6 3 7 13 10 11 8 14 0 15 12
20 2 18 5 1 2 4 9 6 3 7 13 10 11 8 14 15 12 0
20 3 17 5 1 2 4 9 6 3 7 0 10 8 13 14 15 11 12
18 4 14 5 1 2 4 0 6 3 7 9 10 8 13 14 15 11 12
16 5 11 0 1 2 4 5 6 3 7 9 10 8 13 14 15 11 12
17 6 11 1 0 2 4 5 6 3 7 9 10 8 13 14 15 11 12
18 7 11 1 2 0 4 5 6 3 7 9 10 8 13 14 15 11 12
16 8 8 1 2 3 4 5 6 0 7 9 10 8 13 14 15 11 12
16 9 7 1 2 3 4 5 6 8 7 9 10 0 13 14 15 11 12
14 10 4 1 2 3 4 5 6 8 7 9 10 11 13 14 15 0 12
15 11 4 1 2 3 4 5 6 8 7 9 10 11 13 14 0 15 12
15 11 4 1 2 3 4 5 6 8 7 9 10 11 13 14 15 12 0
16 12 4 1 2 3 4 5 6 8 7 9 10 11 13 0 14 15 12
16 14 2 1 2 3 4 5 6 8 7 9 10 11 13 12 14 15 0
17 9 8 1 2 3 4 5 6 7 0 9 10 8 13 14 15 11 12
17 12 5 1 2 3 4 5 6 8 7 9 10 12 13 14 15 11 0
17 10 7 1 2 3 4 5 6 8 7 9 0 10 13 14 15 11 12
17 10 7 1 2 3 4 5 6 8 7 9 10 13 0 14 15 11 12
17 9 8 1 2 3 4 5 0 6 7 9 10 8 13 14 15 11 12
17 11 6 1 2 3 4 5 6 8 7 9 10 13 12 14 15 11 0
17 12 5 1 2 3 4 5 6 8 7 9 10 11 0 14 15 12 13
17 13 4 1 2 3 4 5 6 8 7 9 10 11 13 0 15 12 14
17 15 2 1 2 3 4 5 6 8 7 9 10 11 13 12 14 0 15
18 9 9 1 3 2 4 5 6 0 7 9 10 8 13 14 15 11 12
18 15 3 1 2 3 4 5 6 8 7 9 10 11 12 14 15 0 13
18 14 4 1 2 3 4 5 6 8 7 9 10 11 13 15 0 12 14
18 16 2 1 2 3 4 5 6 8 7 9 10 11 13 12 0 14 15
18 10 8 1 3 2 4 5 6 8 7 9 10 0 13 14 15 11 12
16 11 5 1 3 2 4 5 6 8 7 9 10 11 13 14 15 0 12
17 12 5 1 3 2 4 5 6 8 7 9 10 11 13 14 0 15 12
17 12 5 1 3 2 4 5 6 8 7 9 10 11 13 14 15 12 0
18 13 5 1 2 3 4 5 6 8 7 9 10 0 11 14 15 12 13
18 10 8 1 2 3 4 0 5 6 7 9 10 8 13 14 15 11 12
18 11 7 1 2 3 4 5 6 8 7 0 9 10 13 14 15 11 12
18 13 5 1 2 3 4 5 6 8 7 9 11 10 13 14 15 0 12
18 13 5 1 2 3 4 5 6 8 7 9 10 12 13 14 15 0 11
18 12 6 1 2 3 4 5 6 8 7 9 10 13 12 14 15 0 11
18 13 5 1 2 3 4 5 6 8 7 9 10 13 11 14 15 0 12
18 14 4 1 2 3 4 5 6 8 7 9 10 12 11 14 15 0 13
18 12 6 1 2 3 4 5 6 7 8 9 10 0 13 14 15 11 12
16 13 3 1 2 3 4 5 6 7 8 9 10 11 13 14 15 0 12
17 14 3 1 2 3 4 5 6 7 8 9 10 11 13 14 0 15 12
17 14 3 1 2 3 4 5 6 7 8 9 10 11 13 14 15 12 0
18 13 5 1 3 2 4 5 6 8 7 9 10 11 13 0 14 15 12
18 15 3 1 2 3 4 5 6 7 8 9 10 11 13 0 14 15 12
18 15 3 1 3 2 4 5 6 8 7 9 10 11 13 12 14 15 0
18 17 1 1 2 3 4 5 6 7 8 9 10 11 13 12 14 15 0
18 15 3 1 2 3 4 5 6 8 7 9 10 11 0 12 14 15 13
19 10 9 1 3 2 4 5 6 7 0 9 10 8 13 14 15 11 12
19 10 9 1 3 2 4 5 0 6 7 9 10 8 13 14 15 11 12
19 16 3 1 3 2 4 5 6 8 7 9 10 11 13 12 14 0 15
19 18 1 1 2 3 4 5 6 7 8 9 10 11 13 12 14 0 15
19 16 3 1 2 3 4 5 6 8 7 9 10 0 11 12 14 15 13
19 13 6 1 2 3 4 5 6 8 7 9 10 13 12 0 15 11 14
19 15 4 1 2 3 4 5 6 7 8 9 10 11 0 14 15 12 13
19 16 3 1 2 3 4 5 6 7 8 9 10 11 13 0 15 12 14
19 15 4 1 2 3 4 5 6 7 8 9 10 12 13 14 15 11 0
19 14 5 1 2 3 4 5 6 8 7 9 10 12 13 0 15 11 14
19 13 6 1 2 3 4 5 6 8 7 9 10 13 12 14 0 15 11
19 15 4 1 2 3 4 5 6 8 7 9 10 12 11 14 0 15 13
19 13 6 1 2 3 4 5 6 7 8 9 0 10 13 14 15 11 12
19 13 6 1 2 3 4 5 6 7 8 9 10 13 0 14 15 11 12
19 15 4 1 2 3 4 5 6 8 7 9 10 12 11 14 15 13 0
19 14 5 1 2 3 4 5 6 8 7 9 10 13 11 14 0 15 12
19 14 5 1 2 3 4 5 6 8 7 9 10 13 11 14 15 12 0
19 13 6 1 2 3 4 5 6 8 7 9 10 12 0 14 15 11 13
19 14 5 1 2 3 4 5 6 8 7 9 11 10 13 14 0 15 12
19 14 5 1 2 3 4 5 6 8 7 9 11 10 13 14 15 12 0
19 13 6 1 3 2 4 5 6 8 7 9 10 11 0 14 15 12 13
19 14 5 1 2 3 4 5 6 8 7 9 0 10 11 14 15 12 13
19 14 5 1 3 2 4 5 6 8 7 9 10 11 13 0 15 12 14
19 8 11 1 2 4 0 5 6 3 7 9 10 8 13 14 15 11 12
19 5 14 5 1 2 4 6 0 3 7 9 10 8 13 14 15 11 12
19 13 6 1 3 2 4 5 6 8 7 9 10 12 13 14 15 11 0
19 14 5 1 2 3 4 5 6 7 8 9 10 13 12 14 15 11 0
19 11 8 1 3 2 4 5 6 8 7 9 10 13 0 14 15 11 12
19 11 8 1 3 2 4 5 6 8 7 9 0 10 13 14 15 11 12
19 13 6 1 2 3 4 5 6 8 7 9 10 11 0 14 15 13 12
17 14 3 1 2 3 4 5 6 8 7 9 10 11 12 14 15 13 0
19 12 7 1 2 3 4 5 6 8 7 9 0 11 13 14 10 15 12
19 17 2 1 2 3 4 5 6 8 7 9 10 11 13 0 12 14 15
19 16 3 1 2 3 4 5 6 8 7 9 10 11 12 0 15 13 14
19 16 3 1 2 3 4 5 6 8 7 9 10 11 12 14 0 15 13
19 15 4 1 2 3 4 5 6 8 7 9 10 11 13 15 12 0 14
20 18 2 1 2 3 4 5 6 8 7 9 10 11 0 12 14 13 15
20 19 1 1 2 3 4 5 6 7 8 9 10 11 13 12 0 14 15
20 14 6 1 2 3 4 5 6 8 7 9 10 13 12 0 14 15 11
20 16 4 1 2 3 4 5 6 7 8 9 10 12 13 14 15 0 11
20 18 2 1 2 3 4 5 6 7 8 9 10 11 12 14 15 0 13
20 16 4 1 2 3 4 5 6 7 8 9 10 0 11 14 15 12 13
20 14 6 1 2 3 4 5 6 8 7 9 10 13 12 15 0 11 14
20 13 7 1 3 2 4 5 6 7 8 9 10 0 13 14 15 11 12
18 14 4 1 3 2 4 5 6 7 8 9 10 11 13 14 15 0 12
19 15 4 1 3 2 4 5 6 7 8 9 10 11 13 14 0 15 12
19 15 4 1 3 2 4 5 6 7 8 9 10 11 13 14 15 12 0
20 17 3 1 2 3 4 5 6 8 7 9 0 10 11 12 14 15 13
20 11 9 1 3 2 4 0 5 6 7 9 10 8 13 14 15 11 12
20 17 3 1 3 2 4 5 6 8 7 9 10 11 13 12 0 14 15
20 14 6 1 2 3 4 5 6 8 7 9 10 0 12 14 15 11 13
20 16 4 1 3 2 4 5 6 7 8 9 10 11 13 0 14 15 12
20 18 2 1 2 3 4 5 6 7 8 9 10 11 0 12 14 15 13
20 17 3 1 2 3 4 5 6 7 8 9 10 12 11 14 15 0 13
20 12 8 1 2 3 4 5 8 6 7 9 10 0 13 14 15 11 12
18 13 5 1 2 3 4 5 8 6 7 9 10 11 13 14 15 0 12
19 14 5 1 2 3 4 5 8 6 7 9 10 11 13 14 0 15 12
19 14 5 1 2 3 4 5 8 6 7 9 10 11 13 14 15 12 0
20 18 2 1 3 2 4 5 6 7 8 9 10 11 13 12 14 15 0
20 15 5 1 2 3 4 5 8 6 7 9 10 11 13 0 14 15 12
20 13 7 1 2 3 4 5 6 0 7 9 8 10 13 14 15 11 12
19 14 5 1 2 3 4 5 6 8 7 9 10 12 13 14 0 15 11
19 12 7 1 3 2 4 5 6 8 7 9 10 13 12 14 15 11 0
20 17 3 1 2 3 4 5 8 6 7 9 10 11 13 12 14 15 0
20 15 5 1 2 3 4 5 6 8 7 9 10 12 13 0 14 15 11
20 13 7 1 3 2 4 5 6 8 7 9 10 13 12 14 15 0 11
20 17 3 1 2 3 4 5 6 8 7 9 10 12 13 11 14 15 0
20 13 7 1 2 3 4 5 6 8 7 0 9 11 13 14 10 15 12
20 16 4 1 2 3 4 5 6 8 7 9 10 11 13 15 12 14 0
20 16 4 1 2 3 4 5 6 8 7 9 10 13 12 11 14 15 0
20 13 7 1 2 3 4 5 6 8 7 9 11 0 13 14 10 15 12
20 17 3 1 2 3 4 5 6 8 7 9 10 11 12 15 0 13 14
20 17 3 1 2 3 4 5 6 8 7 9 10 11 12 0 14 15 13
20 14 6 1 2 3 4 5 6 8 7 9 10 0 11 14 15 13 12
20 13 7 1 2 3 4 5 6 8 7 9 10 0 12 14 15 13 11
20 14 6 1 3 2 4 5 6 8 7 9 11 10 13 14 15 0 12
20 14 6 1 3 2 4 5 6 8 7 9 10 13 11 14 15 0 12
20 12 8 1 3 2 4 5 6 8 7 0 9 10 13 14 15 11 12
20 15 5 1 2 3 4 5 6 7 8 9 10 13 12 14 15 0 11
20 14 6 1 3 2 4 5 6 8 7 9 10 12 13 14 15 0 11
20 2 18 5 1 2 4 9 6 3 7 13 10 8 12 14 15 11 0
20 8 12 0 1 2 4 6 5 3 7 9 10 8 13 14 15 11 12
20 14 6 1 2 3 4 5 6 0 7 9 10 8 11 14 15 12 13
20 11 9 1 2 4 3 5 6 0 7 9 10 8 13 14 15 11 12
20 6 14 5 1 2 4 6 3 0 7 9 10 8 13 14 15 11 12
20 15 5 1 3 2 4 5 6 8 7 9 10 11 13 15 0 12 14
20 15 5 1 2 3 4 5 6 8 7 0 9 10 11 14 15 12 13
20 14 6 1 3 2 4 5 6 8 7 9 10 0 11 14 15 12 13
20 16 4 1 3 2 4 5 6 8 7 9 10 11 12 14 15 0 13
20 15 5 1 2 3 4 5 6 8 7 9 11 10 13 0 14 15 12
20 13 7 1 2 3 4 5 6 8 7 0 10 11 13 9 14 15 12
20 15 5 1 3 2 4 5 6 8 7 9 10 12 11 14 15 0 13
20 16 4 1 2 3 4 5 6 7 8 9 10 13 11 14 15 0 12
20 17 3 1 2 3 4 5 6 8 7 9 11 10 13 12 14 15 0
20 15 5 1 2 3 4 5 6 8 7 9 10 13 11 0 14 15 12
20 12 8 1 2 4 3 5 6 8 7 9 10 0 13 14 15 11 12
18 13 5 1 2 4 3 5 6 8 7 9 10 11 13 14 15 0 12
19 14 5 1 2 4 3 5 6 8 7 9 10 11 13 14 0 15 12
19 14 5 1 2 4 3 5 6 8 7 9 10 11 13 14 15 12 0
20 7 13 5 1 2 4 6 3 8 7 9 10 0 13 14 15 11 12
18 8 10 5 1 2 4 6 3 8 7 9 10 11 13 14 15 0 12
19 9 10 5 1 2 4 6 3 8 7 9 10 11 13 14 0 15 12
19 9 10 5 1 2 4 6 3 8 7 9 10 11 13 14 15 12 0
20 16 4 1 2 3 4 5 6 7 8 9 11 10 13 14 15 0 12
20 17 3 1 2 3 4 5 6 8 7 9 10 13 11 12 14 15 0
20 10 10 5 1 2 4 6 3 8 7 9 10 11 13 0 14 15 12
20 15 5 1 2 4 3 5 6 8 7 9 10 11 13 0 14 15 12
20 14 6 1 2 3 4 5 6 7 8 0 9 10 13 14 15 11 12
20 12 8 5 1 2 4 6 3 8 7 9 10 11 13 12 14 15 0
20 17 3 1 2 4 3 5 6 8 7 9 10 11 13 12 14 15 0
20 16 4 1 2 3 4 5 6 8 7 9 10 12 11 0 14 15 13
20 7 13 4 1 2 0 5 6 3 7 9 10 8 13 14 15 11 12
20 15 5 1 2 3 4 5 6 8 7 9 10 12 13 15 0 11 14
20 18 2 1 2 3 4 5 6 8 7 9 10 12 11 13 14 15 0
20 19 1 1 2 3 4 5 6 8 7 9 10 11 12 13 14 15 0
21 17 4 1 2 3 4 5 6 0 7 9 10 8 11 12 14 15 13
21 14 7 1 3 2 4 5 6 8 7 9 10 13 12 0 15 11 14
21 18 3 1 2 3 4 5 8 6 7 9 10 11 13 12 14 0 15
21 18 3 1 2 3 4 5 6 8 7 9 10 12 13 11 14 0 15
21 16 5 1 2 3 4 5 6 8 7 10 9 11 13 14 0 15 12
20 17 3 1 2 3 4 5 6 7 8 9 10 11 13 15 0 12 14
21 14 7 1 2 3 4 5 6 8 7 9 11 13 0 14 10 15 12
21 17 4 1 2 3 4 5 6 8 7 9 10 13 12 11 14 0 15
21 14 7 1 3 2 4 5 6 8 7 9 10 13 12 14 0 15 11
21 16 5 1 2 3 4 5 6 8 7 9 10 0 13 12 14 11 15
21 12 9 1 2 3 4 5 6 8 7 9 10 15 13 14 0 11 12
21 14 7 1 2 3 4 5 0 6 7 9 8 10 13 14 15 11 12
21 19 2 1 3 2 4 5 6 7 8 9 10 11 13 12 14 0 15
21 14 7 1 2 3 4 5 6 7 0 9 8 10 13 14 15 11 12
21 15 6 1 2 3 4 5 8 6 7 9 10 11 0 14 15 12 13
21 16 5 1 2 3 4 5 8 6 7 9 10 11 13 0 15 12 14
21 4 17 5 1 2 4 9 6 3 7 10 0 8 13 14 15 11 12
21 12 9 1 2 3 4 5 6 8 0 9 10 7 13 14 15 11 12
21 11 10 1 0 2 4 5 3 6 7 9 10 8 13 14 15 11 12
21 15 6 1 2 3 4 5 8 6 7 9 10 12 13 14 15 11 0
21 14 7 1 2 3 4 5 6 8 7 0 10 11 13 9 15 12 14
21 15 6 1 2 3 4 5 6 8 7 9 0 10 12 14 15 11 13
21 19 2 1 2 3 4 5 6 7 8 9 10 0 11 12 14 15 13
21 18 3 1 2 3 4 5 6 7 8 9 10 12 11 14 0 15 13
21 13 8 1 2 3 4 5 8 6 7 9 10 13 0 14 15 11 12
21 18 3 1 2 3 4 5 6 7 8 9 10 12 11 14 15 13 0
21 13 8 1 2 3 4 5 8 6 7 9 0 10 13 14 15 11 12
21 14 7 1 2 3 4 5 6 8 7 0 10 11 9 14 15 12 13
20 16 4 1 3 2 4 5 6 8 7 9 10 11 0 12 14 15 13
21 13 8 1 2 3 4 5 6 8 0 9 10 11 7 14 15 12 13
21 18 3 1 3 2 4 5 6 8 7 9 10 11 13 0 12 14 15
21 16 5 1 3 2 4 5 6 7 8 9 10 11 0 14 15 12 13
21 17 4 1 3 2 4 5 6 7 8 9 10 11 13 0 15 12 14
21 16 5 1 3 2 4 5 6 7 8 9 10 12 13 14 15 11 0
21 17 4 1 3 2 4 5 6 8 7 9 10 0 11 12 14 15 13
21 18 3 1 2 3 4 5 6 8 7 0 9 10 11 12 14 15 13
21 14 7 1 2 3 4 5 8 6 7 9 10 13 12 14 15 11 0
21 10 11 1 2 3 4 5 10 6 7 9 0 8 13 14 15 11 12
21 10 11 1 0 3 4 5 2 6 7 9 10 8 13 14 15 11 12
21 14 7 1 3 2 4 5 6 7 8 9 0 10 13 14 15 11 12
21 14 7 1 3 2 4 5 6 7 8 9 10 13 0 14 15 11 12
21 15 6 1 2 3 4 5 6 8 7 9 10 13 12 15 11 0 14
21 15 6 1 2 3 4 5 6 7 8 9 0 11 13 14 10 15 12
21 16 5 1 2 3 4 5 6 7 8 9 10 11 0 14 15 13 12
19 17 2 1 2 3 4 5 6 7 8 9 10 11 12 14 15 13 0
21 15 6 1 3 2 4 5 6 7 8 9 10 13 12 14 15 11 0
21 4 17 5 1 2 4 9 6 3 7 13 10 8 11 14 15 0 12
21 15 6 1 3 2 4 5 6 8 7 9 10 13 11 14 15 12 0
21 14 7 1 2 3 4 5 6 8 7 9 0 10 12 14 15 13 11
21 13 8 1 2 3 4 5 6 8 7 9 0 11 13 14 15 10 12
21 16 5 1 2 3 4 5 6 8 7 9 11 12 13 14 10 15 0
21 18 3 1 2 3 4 5 6 8 7 9 10 11 12 15 13 0 14
21 16 5 1 2 3 4 5 6 8 7 9 10 0 12 15 11 13 14
21 19 2 1 2 3 4 5 6 7 8 9 10 11 12 0 15 13 14
21 11 10 1 2 3 4 5 6 10 7 9 0 8 13 14 15 11 12
21 5 16 5 1 2 4 9 6 3 7 0 10 11 8 14 13 15 12
19 6 13 5 1 2 4 0 6 3 7 9 10 11 8 14 13 15 12
17 7 10 0 1 2 4 5 6 3 7 9 10 11 8 14 13 15 12
18 8 10 1 0 2 4 5 6 3 7 9 10 11 8 14 13 15 12
19 9 10 1 2 0 4 5 6 3 7 9 10 11 8 14 13 15 12
17 10 7 1 2 3 4 5 6 0 7 9 10 11 8 14 13 15 12
18 11 7 1 2 3 4 5 0 6 7 9 10 11 8 14 13 15 12
18 11 7 1 2 3 4 5 6 7 0 9 10 11 8 14 13 15 12
16 12 4 1 2 3 4 5 6 7 8 9 10 11 0 14 13 15 12
14 13 1 1 2 3 4 5 6 7 8 9 10 11 12 14 13 15 0
15 14 1 1 2 3 4 5 6 7 8 9 10 11 12 14 13 0 15
16 15 1 1 2 3 4 5 6 7 8 9 10 11 12 0 13 15 14
16 15 1 1 2 3 4 5 6 7 8 9 10 11 12 14 0 13 15
17 13 4 1 2 3 4 5 6 7 8 9 10 0 11 14 13 15 12
17 16 1 1 2 3 4 5 6 7 8 9 10 11 12 13 0 15 14
17 16 1 1 2 3 4 5 6 7 8 9 10 11 12 0 14 13 15
18 13 5 1 2 3 4 5 6 8 7 9 10 11 0 14 13 15 12
16 14 2 1 2 3 4 5 6 8 7 9 10 11 12 14 13 15 0
17 15 2 1 2 3 4 5 6 8 7 9 10 11 12 14 13 0 15
18 14 4 1 2 3 4 5 6 7 8 9 0 10 11 14 13 15 12
18 16 2 1 2 3 4 5 6 7 8 9 10 12 11 14 13 15 0
18 17 1 1 2 3 4 5 6 7 8 9 10 11 12 13 15 0 14
18 16 2 1 2 3 4 5 6 8 7 9 10 11 12 0 13 15 14
18 16 2 1 2 3 4 5 6 8 7 9 10 11 12 14 0 13 15
19 11 8 1 3 2 4 5 6 0 7 9 10 11 8 14 13 15 12
19 14 5 1 2 3 4 5 6 8 7 9 10 0 11 14 13 15 12
19 17 2 1 2 3 4 5 6 7 8 9 10 12 11 14 13 0 15
19 18 1 1 2 3 4 5 6 7 8 9 10 11 12 13 15 14 0
19 17 2 1 2 3 4 5 6 8 7 9 10 11 12 13 0 15 14
19 15 4 1 2 3 4 5 6 7 8 0 9 10 11 14 13 15 12
19 12 7 1 2 3 4 0 5 6 7 9 10 11 8 14 13 15 12
19 15 4 1 2 3 4 5 6 7 8 9 10 0 12 14 13 11 15
19 17 2 1 2 3 4 5 6 8 7 9 10 11 12 0 14 13 15
20 15 5 1 2 3 4 5 6 7 8 9 13 10 11 14 0 15 12
20 18 2 1 2 3 4 5 6 7 8 9 10 12 11 0 13 15 14
20 16 4 1 2 3 4 5 6 7 8 9 10 13 11 14 0 15 12
20 16 4 1 2 3 4 5 6 7 8 0 10 11 12 9 13 15 14
20 16 4 1 2 3 4 5 6 7 8 9 0 11 12 14 10 13 15
20 14 6 1 2 3 4 5 6 7 8 0 10 11 9 14 13 15 12
20 17 3 1 2 3 4 5 6 7 8 9 10 11 0 14 13 12 15
20 7 13 5 1 2 4 6 0 3 7 9 10 11 8 14 13 15 12
20 10 10 1 2 4 0 5 6 3 7 9 10 11 8 14 13 15 12
20 12 8 1 3 2 4 5 0 6 7 9 10 11 8 14 13 15 12
20 12 8 1 3 2 4 5 6 7 0 9 10 11 8 14 13 15 12
18 13 5 1 3 2 4 5 6 7 8 9 10 11 0 14 13 15 12
16 14 2 1 3 2 4 5 6 7 8 9 10 11 12 14 13 15 0
17 15 2 1 3 2 4 5 6 7 8 9 10 11 12 14 13 0 15
18 16 2 1 3 2 4 5 6 7 8 9 10 11 12 0 13 15 14
18 16 2 1 3 2 4 5 6 7 8 9 10 11 12 14 0 13 15
19 14 5 1 3 2 4 5 6 7 8 9 10 0 11 14 13 15 12
19 17 2 1 3 2 4 5 6 7 8 9 10 11 12 13 0 15 14
19 17 2 1 3 2 4 5 6 7 8 9 10 11 12 0 14 13 15
20 14 6 1 3 2 4 5 6 8 7 9 10 11 0 14 13 15 12
18 15 3 1 3 2 4 5 6 8 7 9 10 11 12 14 13 15 0
19 16 3 1 3 2 4 5 6 8 7 9 10 11 12 14 13 0 15
20 15 5 1 2 3 4 5 6 8 7 9 0 10 11 14 13 15 12
20 16 4 1 2 3 4 5 6 7 8 9 0 10 12 14 13 11 15
20 16 4 1 2 3 4 5 6 7 8 9 10 12 0 14 13 11 15
20 17 3 1 3 2 4 5 6 8 7 9 10 11 12 0 13 15 14
20 17 3 1 3 2 4 5 6 8 7 9 10 11 12 14 0 13 15
20 15 5 1 3 2 4 5 6 7 8 9 0 10 11 14 13 15 12
20 17 3 1 3 2 4 5 6 7 8 9 10 12 11 14 13 15 0
20 18 2 1 3 2 4 5 6 7 8 9 10 11 12 13 15 0 14
20 18 2 1 2 3 4 5 6 8 7 9 10 11 12 13 15 0 14
20 17 3 1 2 3 4 5 6 8 7 9 10 12 11 14 13 15 0
20 18 2 1 2 3 4 5 6 7 8 9 10 12 11 14 0 13 15
21 16 5 1 2 3 4 5 6 8 7 9 10 0 12 14 13 11 15
21 17 4 1 2 3 4 5 6 7 8 0 10 11 12 9 14 13 15
21 18 3 1 2 3 4 5 6 7 8 9 10 11 12 15 14 13 0
21 17 4 1 2 3 4 5 6 7 8 9 0 11 12 13 10 15 14
21 14 7 1 2 3 4 5 6 0 8 9 10 7 11 14 13 15 12
21 14 7 1 2 3 4 5 6 7 8 9 10 15 11 14 13 0 12
21 18 3 1 2 3 4 5 6 7 8 9 0 11 12 10 13 15 14
21 18 3 1 2 3 4 5 6 7 8 9 10 0 12 14 11 13 15
21 16 5 1 2 3 4 5 6 7 8 9 10 0 12 14 13 15 11
21 15 6 1 2 3 4 5 6 7 8 9 10 11 15 14 13 0 12
21 19 2 1 2 3 4 5 6 7 8 9 10 11 12 14 0 15 13
21 7 14 5 1 2 4 9 6 3 7 8 10 11 0 14 13 15 12
19 8 11 5 1 2 4 9 6 3 7 8 10 11 12 14 13 15 0
20 9 11 5 1 2 4 9 6 3 7 8 10 11 12 14 13 0 15
21 9 12 4 1 2 0 5 6 3 7 9 10 11 8 14 13 15 12
21 18 3 1 2 3 4 5 6 7 8 9 10 11 13 15 12 0 14
21 15 6 1 2 3 4 5 6 8 7 9 11 13 12 14 10 15 0
21 19 2 1 2 3 4 5 6 8 7 9 10 12 11 13 14 0 15
21 20 1 1 2 3 4 5 6 8 7 9 10 11 12 13 14 0 15
21 10 11 4 1 2 3 5 6 0 7 9 10 8 13 14 15 11 12
21 18 3 1 2 4 3 5 6 8 7 9 10 11 13 12 14 0 15
21 8 13 4 1 0 2 5 6 3 7 9 10 8 13 14 15 11 12
21 16 5 1 2 3 4 5 6 8 7 9 10 12 13 15 11 0 14
21 11 10 1 2 3 0 5 6 4 7 9 10 8 13 14 15 11 12
21 7 14 1 6 2 4 5 0 3 7 9 10 8 13 14 15 11 12
21 11 10 1 2 3 4 5 0 8 7 9 6 10 13 14 15 11 12
21 15 6 1 3 2 4 5 6 8 7 9 10 12 13 0 15 11 14
21 11 10 1 2 3 4 5 6 8 0 9 10 13 7 14 15 11 12
21 11 10 1 2 3 4 0 6 7 5 9 10 8 13 14 15 11 12
21 18 3 1 2 3 4 5 6 8 7 9 10 13 11 12 14 0 15
21 9 12 4 1 3 2 5 6 0 7 9 10 8 13 14 15 11 12
21 14 7 1 3 2 4 5 6 8 7 9 10 12 0 14 15 11 13
21 16 5 1 2 3 4 5 6 7 8 9 10 13 12 0 15 11 14
21 11 10 4 1 2 3 5 6 8 7 9 10 0 13 14 15 11 12
19 12 7 4 1 2 3 5 6 8 7 9 10 11 13 14 15 0 12
20 13 7 4 1 2 3 5 6 8 7 9 10 11 13 14 0 15 12
20 13 7 4 1 2 3 5 6 8 7 9 10 11 13 14 15 12 0
21 10 11 5 1 2 4 6 3 8 7 9 10 11 0 14 15 12 13
21 11 10 5 1 2 4 6 3 8 7 9 10 11 13 0 15 12 14
21 17 4 1 2 3 4 5 6 7 8 9 11 10 13 14 0 15 12
21 17 4 1 2 3 4 5 6 7 8 9 11 10 13 14 15 12 0
21 14 7 4 1 2 3 5 6 8 7 9 10 11 13 0 14 15 12
21 3 18 5 1 2 4 9 6 3 7 13 10 11 8 0 14 15 12
19 4 15 5 1 2 4 9 6 3 7 0 10 11 8 13 14 15 12
17 5 12 5 1 2 4 0 6 3 7 9 10 11 8 13 14 15 12
15 6 9 0 1 2 4 5 6 3 7 9 10 11 8 13 14 15 12
16 7 9 1 0 2 4 5 6 3 7 9 10 11 8 13 14 15 12
17 8 9 1 2 0 4 5 6 3 7 9 10 11 8 13 14 15 12
15 9 6 1 2 3 4 5 6 0 7 9 10 11 8 13 14 15 12
16 10 6 1 2 3 4 5 0 6 7 9 10 11 8 13 14 15 12
16 10 6 1 2 3 4 5 6 7 0 9 10 11 8 13 14 15 12
14 11 3 1 2 3 4 5 6 7 8 9 10 11 0 13 14 15 12
12 12 0 1 2 3 4 5 6 7 8 9 10 11 12 13 14 15 0
