0 0 5 1 2 4 9 6 3 7 13 10 0 8 14 15 11 12
11 1 5 1 2 4 9 6 3 7 13 10 11 8 14 15 0 12
15 1 5 1 2 4 9 6 3 7 13 10 11 8 14 0 15 12
13 3 5 1 2 4 9 6 3 7 0 10 11 8 14 13 15 12
9 1 5 1 2 4 0 6 3 7 9 10 11 8 14 13 15 12
5 1 0 1 2 4 5 6 3 7 9 10 11 8 14 13 15 12
1 1 1 0 2 4 5 6 3 7 9 10 11 8 14 13 15 12
3 3 1 3 2 4 5 6 0 7 9 10 11 8 14 13 15 12
8 3 1 3 2 4 5 6 8 7 9 10 11 0 14 13 15 12
12 1 1 3 2 4 5 6 8 7 9 10 11 12 14 13 15 0
15 1 1 3 2 4 5 6 8 7 9 10 11 12 14 13 0 15
12 3 1 3 2 4 5 6 8 7 9 10 11 0 14 13 12 15
11 1 1 3 2 4 5 6 8 7 9 10 0 11 14 13 12 15
12 1 1 3 2 4 5 6 8 7 9 10 12 11 14 13 0 15
13 1 1 3 2 4 5 6 8 7 9 10 12 11 14 0 13 15
12 3 1 3 2 4 5 6 8 7 9 10 0 11 14 12 13 15
11 1 1 3 2 4 5 6 8 7 9 10 11 0 14 12 13 15
13 3 1 3 2 4 5 6 8 7 9 10 11 13 14 12 0 15
15 1 1 3 2 4 5 6 8 7 9 10 11 13 14 12 15 0
14 2 1 3 2 4 5 6 8 7 9 10 11 13 0 12 15 14
12 1 1 3 2 4 5 6 8 7 9 10 11 13 12 0 15 14
15 1 1 3 2 4 5 6 8 7 9 10 11 13 12 15 0 14
13 3 1 3 2 4 5 6 8 7 9 10 11 0 12 15 13 14
11 1 1 3 2 4 5 6 8 7 9 10 0 11 12 15 13 14
8 1 1 3 2 4 5 6 0 7 9 10 8 11 12 15 13 14
7 1 1 3 2 4 5 6 7 0 9 10 8 11 12 15 13 14
8 3 1 3 2 4 5 6 7 8 9 10 0 11 12 15 13 14
13 1 1 3 2 4 5 6 7 8 9 10 13 11 12 15 0 14
15 1 1 3 2 4 5 6 7 8 9 10 13 11 12 0 15 14
13 3 1 3 2 4 5 6 7 8 9 10 0 11 12 13 15 14
11 1 1 3 2 4 5 6 7 8 9 10 11 0 12 13 15 14
14 1 1 3 2 4 5 6 7 8 9 10 11 14 12 13 15 0
15 1 1 3 2 4 5 6 7 8 9 10 11 14 12 13 0 15
14 3 1 3 2 4 5 6 7 8 9 10 11 0 12 13 14 15
11 1 1 3 2 4 5 6 7 8 9 10 0 11 12 13 14 15
8 3 1 3 2 4 5 6 7 0 9 10 8 11 12 13 14 15
7 1 1 3 2 4 5 6 0 7 9 10 8 11 12 13 14 15
8 1 1 3 2 4 5 6 8 7 9 10 0 11 12 13 14 15
10 1 1 3 2 4 5 6 8 7 9 0 10 11 12 13 14 15
8 3 1 3 2 4 5 6 0 7 9 8 10 11 12 13 14 15
6 1 1 3 2 4 5 0 6 7 9 8 10 11 12 13 14 15
3 1 1 0 2 4 5 3 6 7 9 8 10 11 12 13 14 15
2 1 1 2 0 4 5 3 6 7 9 8 10 11 12 13 14 15
3 3 1 2 3 4 5 0 6 7 9 8 10 11 12 13 14 15
6 1 1 2 3 4 5 6 0 7 9 8 10 11 12 13 14 15
8 3 1 2 3 4 5 6 8 7 9 0 10 11 12 13 14 15
10 1 1 2 3 4 5 6 8 7 9 10 0 11 12 13 14 15
8 1 1 2 3 4 5 6 0 7 9 10 8 11 12 13 14 15
7 1 1 2 3 4 5 6 7 0 9 10 8 11 12 13 14 15
8 3 1 2 3 4 5 6 7 8 9 10 0 11 12 13 14 15
10 1 1 2 3 4 5 6 7 8 9 0 10 11 12 13 14 15
12 3 1 2 3 4 5 6 7 8 9 12 10 11 0 13 14 15
13 1 1 2 3 4 5 6 7 8 9 12 10 11 13 0 14 15
12 1 1 2 3 4 5 6 7 8 9 0 10 11 13 12 14 15
10 1 1 2 3 4 5 6 7 8 9 10 0 11 13 12 14 15
12 3 1 2 3 4 5 6 7 8 9 10 12 11 13 0 14 15
14 1 1 2 3 4 5 6 7 8 9 10 12 11 13 14 0 15
12 1 1 2 3 4 5 6 7 8 9 10 0 11 13 14 12 15
11 1 1 2 3 4 5 6 7 8 9 10 11 0 13 14 12 15
12 3 1 2 3 4 5 6 7 8 9 10 11 12 13 14 0 15
15 1 1 2 3 4 5 6 7 8 9 10 11 12 13 14 15 0

97 1.5400373935699463