19 0 19 5 1 2 4 9 6 3 7 13 10 0 8 14 15 11 12
18 0 18 5 1 2 4 9 6 3 7 13 10 11 8 14 15 0 12
18 0 18 5 1 2 4 9 6 3 7 13 10 11 8 14 0 15 12
16 0 16 5 1 2 4 9 6 3 7 0 10 11 8 14 13 15 12
13 0 13 5 1 2 4 0 6 3 7 9 10 11 8 14 13 15 12
10 0 10 0 1 2 4 5 6 3 7 9 10 11 8 14 13 15 12
10 0 10 1 0 2 4 5 6 3 7 9 10 11 8 14 13 15 12
8 0 8 1 3 2 4 5 6 0 7 9 10 11 8 14 13 15 12
6 0 6 1 3 2 4 5 6 8 7 9 10 11 0 14 13 15 12
3 0 3 1 3 2 4 5 6 8 7 9 10 11 12 14 13 15 0
3 0 3 1 3 2 4 5 6 8 7 9 10 11 12 14 13 0 15
3 0 3 1 3 2 4 5 6 8 7 9 10 11 12 0 13 15 14
3 0 3 1 3 2 4 5 6 8 7 9 10 11 12 14 0 13 15
3 0 3 1 3 2 4 5 6 8 7 9 10 11 12 13 0 15 14
3 0 3 1 3 2 4 5 6 8 7 9 10 11 12 0 14 13 15
3 0 3 1 3 2 4 5 6 8 7 9 10 11 12 13 15 0 14
3 0 3 1 3 2 4 5 6 8 7 9 10 11 12 13 15 14 0
5 0 5 1 3 2 4 5 6 8 7 9 10 0 12 13 11 15 14
5 0 5 1 3 2 4 5 6 8 7 9 10 11 12 15 14 13 0
5 0 5 1 3 2 4 5 6 8 7 9 10 11 0 14 13 12 15
5 0 5 1 3 2 4 5 6 8 7 9 0 11 12 10 13 15 14
5 0 5 1 3 2 4 5 6 8 7 9 10 0 12 14 11 13 15
5 0 5 1 3 2 4 5 6 8 7 9 10 11 12 15 14 0 13
5 0 5 1 3 2 4 5 6 8 7 9 10 0 11 14 13 12 15
4 0 4 1 3 2 4 5 6 8 7 9 10 12 11 14 13 0 15
4 0 4 1 3 2 4 5 6 8 7 9 10 12 11 14 0 13 15
4 0 4 1 3 2 4 5 6 8 7 9 10 12 11 14 13 15 0
4 0 4 1 3 2 4 5 6 8 7 9 10 12 11 0 14 13 15
4 0 4 1 3 2 4 5 6 8 7 9 10 0 11 14 12 13 15
4 0 4 1 3 2 4 5 6 8 7 9 10 12 11 0 13 15 14
4 0 4 1 3 2 4 5 6 8 7 9 0 10 11 14 12 13 15
4 0 4 1 3 2 4 5 6 8 7 9 10 11 0 14 12 13 15
4 0 4 1 3 2 4 5 6 8 7 9 10 12 11 13 0 15 14
4 0 4 1 3 2 4 5 6 8 7 0 9 10 11 14 12 13 15
4 0 4 1 3 2 4 5 6 0 7 9 8 10 11 14 12 13 15
4 0 4 1 3 2 4 5 6 8 7 9 10 11 13 14 12 0 15
4 0 4 1 3 2 4 5 6 8 7 9 10 12 11 13 15 0 14
4 0 4 1 3 2 4 5 6 8 7 9 10 0 11 13 12 15 14
4 0 4 1 3 2 4 5 6 8 7 9 10 11 13 14 12 15 0
4 0 4 1 3 2 4 5 6 8 7 9 10 12 11 13 15 14 0
4 0 4 1 3 2 4 5 6 8 7 9 0 10 11 13 12 15 14
4 0 4 1 3 2 4 5 6 8 7 9 10 11 0 13 12 15 14
4 0 4 1 3 2 4 5 6 8 7 9 10 11 13 0 12 15 14
4 0 4 1 3 2 4 5 6 8 7 0 9 10 11 13 12 15 14
4 0 4 1 3 2 4 5 6 0 7 9 8 10 11 13 12 15 14
4 0 4 1 3 2 4 5 6 8 7 9 10 11 13 12 0 15 14
4 0 4 1 3 2 4 5 0 6 7 9 8 10 11 13 12 15 14
4 0 4 1 3 2 4 5 6 7 0 9 8 10 11 13 12 15 14
4 0 4 1 3 2 4 5 6 8 7 9 10 11 13 12 15 0 14
4 0 4 1 3 2 4 0 5 6 7 9 8 10 11 13 12 15 14
4 0 4 1 3 2 4 5 6 8 7 9 10 11 13 12 15 14 0
4 0 4 1 3 2 4 5 6 8 7 9 10 11 0 12 15 13 14
4 0 4 1 0 2 4 3 5 6 7 9 8 10 11 13 12 15 14
4 0 4 1 3 2 4 5 6 8 7 9 10 0 11 12 15 13 14
4 0 4 0 1 2 4 3 5 6 7 9 8 10 11 13 12 15 14
4 0 4 1 2 0 4 3 5 6 7 9 8 10 11 13 12 15 14
4 0 4 1 3 2 4 5 6 8 7 9 0 10 11 12 15 13 14
4 0 4 1 2 4 0 3 5 6 7 9 8 10 11 13 12 15 14
4 0 4 1 3 2 4 5 6 8 7 0 9 10 11 12 15 13 14
4 0 4 1 3 2 4 5 0 6 7 9 8 10 11 14 12 13 15
4 0 4 1 3 2 4 5 6 7 0 9 8 10 11 14 12 13 15
4 0 4 1 3 2 4 5 6 8 7 9 10 11 13 14 0 12 15
4 0 4 1 3 2 4 5 6 0 7 9 8 10 11 12 15 13 14
4 0 4 1 3 2 4 0 5 6 7 9 8 10 11 14 12 13 15
4 0 4 1 3 2 4 5 6 8 7 9 10 11 13 0 14 12 15
4 0 4 1 3 2 4 5 0 6 7 9 8 10 11 12 15 13 14
4 0 4 1 3 2 4 5 6 7 0 9 8 10 11 12 15 13 14
4 0 4 1 0 2 4 3 5 6 7 9 8 10 11 14 12 13 15
4 0 4 1 3 2 4 0 5 6 7 9 8 10 11 12 15 13 14
4 0 4 0 1 2 4 3 5 6 7 9 8 10 11 14 12 13 15
4 0 4 1 2 0 4 3 5 6 7 9 8 10 11 14 12 13 15
4 0 4 1 0 2 4 3 5 6 7 9 8 10 11 12 15 13 14
4 0 4 1 2 4 0 3 5 6 7 9 8 10 11 14 12 13 15
4 0 4 0 1 2 4 3 5 6 7 9 8 10 11 12 15 13 14
4 0 4 1 2 0 4 3 5 6 7 9 8 10 11 12 15 13 14
4 0 4 1 2 4 0 3 5 6 7 9 8 10 11 12 15 13 14
5 0 5 1 3 2 4 5 6 8 7 9 10 13 11 12 15 0 14
5 0 5 3 1 2 4 0 5 6 7 9 8 10 11 13 12 15 14
5 0 5 1 3 2 4 5 6 8 7 9 10 11 0 12 15 14 13
5 0 5 1 3 2 4 5 6 8 7 9 10 11 14 12 15 13 0
5 0 5 1 3 2 4 5 6 0 7 9 10 8 11 14 12 13 15
5 0 5 1 3 2 4 5 6 8 7 9 10 13 11 14 0 12 15
5 0 5 1 0 2 4 5 3 6 7 9 8 10 11 13 12 15 14
5 0 5 1 3 2 4 5 8 6 7 9 0 10 11 13 12 15 14
5 0 5 1 3 2 4 5 6 8 7 9 10 11 12 15 0 14 13
5 0 5 1 3 2 4 5 6 8 7 9 0 10 11 14 13 12 15
5 0 5 1 3 2 4 5 6 0 7 9 10 8 11 12 15 13 14
5 0 5 1 3 2 4 5 6 8 7 9 12 10 11 13 0 15 14
5 0 5 1 3 2 4 5 0 6 7 9 10 8 11 12 15 13 14
5 0 5 1 3 2 4 5 6 7 0 9 10 8 11 12 15 13 14
3 0 3 1 3 2 4 5 6 7 8 9 10 0 11 12 15 13 14
3 0 3 1 3 2 4 5 6 7 8 9 0 10 11 12 15 13 14
3 0 3 1 3 2 4 5 6 7 8 9 10 11 0 12 15 13 14
3 0 3 1 3 2 4 5 6 7 8 0 9 10 11 12 15 13 14
3 0 3 1 3 2 4 5 6 7 8 9 10 11 13 12 15 0 14
3 0 3 1 3 2 4 5 6 7 8 9 10 11 13 12 0 15 14
3 0 3 1 3 2 4 5 6 7 8 9 10 11 13 12 15 14 0
3 0 3 1 3 2 4 5 6 7 8 9 10 11 13 0 12 15 14
3 0 3 1 3 2 4 5 6 7 8 9 10 11 13 14 12 15 0
3 0 3 1 3 2 4 5 6 7 8 9 10 11 13 14 12 0 15
3 0 3 1 3 2 4 5 6 7 8 9 10 11 13 14 0 12 15
3 0 3 1 3 2 4 5 6 7 8 9 10 11 0 14 12 13 15
3 0 3 1 3 2 4 5 6 7 8 9 10 11 13 0 14 12 15
3 0 3 1 3 2 4 5 6 7 8 9 10 0 11 14 12 13 15
3 0 3 1 3 2 4 5 6 7 8 9 0 10 11 14 12 13 15
3 0 3 1 3 2 4 5 6 7 8 9 10 12 11 14 0 13 15
3 0 3 1 3 2 4 5 6 7 8 0 9 10 11 14 12 13 15
3 0 3 1 3 2 4 5 6 7 8 9 10 12 11 0 14 13 15
3 0 3 1 3 2 4 5 6 7 8 9 10 12 11 14 13 0 15
3 0 3 1 3 2 4 5 6 7 8 9 10 12 11 14 13 15 0
3 0 3 1 3 2 4 5 6 7 8 9 10 12 11 0 13 15 14
3 0 3 1 3 2 4 5 6 7 8 9 10 12 11 13 0 15 14
3 0 3 1 3 2 4 5 6 7 8 9 10 12 11 13 15 0 14
3 0 3 1 3 2 4 5 6 7 8 9 10 0 11 13 12 15 14
3 0 3 1 3 2 4 5 6 7 8 9 10 12 11 13 15 14 0
3 0 3 1 3 2 4 5 6 7 8 9 0 10 11 13 12 15 14
3 0 3 1 3 2 4 5 6 7 8 9 10 11 0 13 12 15 14
3 0 3 1 3 2 4 5 6 7 8 0 9 10 11 13 12 15 14
4 0 4 1 3 2 4 5 6 7 8 9 10 13 11 12 15 0 14
4 0 4 1 3 2 4 5 6 7 8 9 10 11 14 12 15 13 0
4 0 4 1 3 2 4 5 6 7 8 9 10 13 11 14 12 0 15
4 0 4 1 3 2 4 5 6 7 8 9 10 0 11 13 15 12 14
4 0 4 1 3 2 4 5 6 7 8 9 10 0 11 14 13 12 15
4 0 4 1 3 2 4 5 6 7 8 9 12 10 11 14 0 13 15
4 0 4 1 3 2 4 5 6 7 8 9 10 11 0 12 15 14 13
4 0 4 1 3 2 4 5 6 7 8 9 10 11 0 14 12 15 13
4 0 4 1 3 2 4 5 6 7 8 9 12 10 11 13 0 15 14
4 0 4 1 3 2 4 5 6 7 8 9 10 11 14 13 12 15 0
4 0 4 1 3 2 4 5 6 7 8 9 10 13 11 12 0 15 14
2 0 2 1 3 2 4 5 6 7 8 9 10 0 11 12 13 15 14
2 0 2 1 3 2 4 5 6 7 8 9 0 10 11 12 13 15 14
2 0 2 1 3 2 4 5 6 7 8 9 10 11 0 12 13 15 14
2 0 2 1 3 2 4 5 6 7 8 0 9 10 11 12 13 15 14
3 0 3 1 3 2 4 5 6 7 8 9 10 11 14 12 13 15 0
3 0 3 1 3 2 4 5 6 7 8 9 10 11 14 12 13 0 15
1 0 1 1 3 2 4 5 6 7 8 9 10 11 0 12 13 14 15
1 0 1 1 3 2 4 5 6 7 8 9 10 0 11 12 13 14 15
1 0 1 1 3 2 4 5 6 7 8 9 0 10 11 12 13 14 15
1 0 1 1 3 2 4 5 6 7 8 0 9 10 11 12 13 14 15
3 0 3 1 3 2 4 5 6 7 8 9 10 11 14 12 0 13 15
3 0 3 1 3 2 4 5 6 7 8 0 10 11 9 12 13 14 15
3 0 3 1 3 2 4 5 6 7 0 9 10 8 11 12 13 14 15
3 0 3 1 3 2 4 5 6 7 8 9 10 13 11 12 0 14 15
3 0 3 1 3 2 4 5 6 0 8 9 7 10 11 12 13 14 15
3 0 3 1 3 2 4 5 6 7 8 9 12 10 11 0 13 14 15
3 0 3 1 3 2 4 5 6 7 8 11 9 10 0 12 13 14 15
3 0 3 1 3 2 4 5 6 7 8 10 0 11 9 12 13 14 15
3 0 3 1 3 2 4 5 6 7 8 9 12 10 11 13 0 14 15
2 0 2 1 3 2 4 5 6 7 8 9 0 10 11 13 12 14 15
2 0 2 1 3 2 4 5 6 7 8 0 9 10 11 13 12 14 15
2 0 2 1 3 2 4 5 6 7 8 9 10 0 11 13 12 14 15
2 0 2 1 3 2 4 5 6 7 8 9 10 11 0 13 12 14 15
2 0 2 1 3 2 4 5 6 7 8 9 10 12 11 13 0 14 15
2 0 2 1 3 2 4 5 6 7 8 9 10 12 11 0 13 14 15
2 0 2 1 3 2 4 5 6 7 8 9 10 12 11 13 14 0 15
2 0 2 1 3 2 4 5 6 7 8 9 10 12 11 13 14 15 0
3 0 3 1 3 2 4 5 6 7 8 11 9 0 10 12 13 14 15
3 0 3 1 3 2 4 5 6 7 8 10 11 0 9 12 13 14 15
3 0 3 1 3 2 4 5 6 7 8 9 12 10 11 13 14 0 15
3 0 3 1 3 2 4 5 6 7 8 9 10 0 11 13 14 12 15
3 0 3 1 3 2 4 5 6 7 8 11 0 9 10 12 13 14 15
3 0 3 1 3 2 4 5 6 7 8 10 11 9 0 12 13 14 15
3 0 3 1 3 2 4 5 6 7 8 9 12 10 11 13 14 15 0
3 0 3 1 3 2 4 5 6 7 8 9 0 10 11 13 14 12 15
3 0 3 1 3 2 4 5 6 7 8 9 10 11 0 13 14 12 15
1 0 1 1 3 2 4 5 6 7 8 9 10 11 12 13 14 0 15
1 0 1 1 3 2 4 5 6 7 8 9 10 11 12 13 0 14 15
1 0 1 1 3 2 4 5 6 7 8 9 10 11 12 13 14 15 0
1 0 1 1 3 2 4 5 6 7 8 9 10 11 12 0 13 14 15
3 0 3 1 3 2 4 5 6 7 8 0 11 9 10 12 13 14 15
3 0 3 1 3 2 4 5 6 7 8 0 9 10 11 13 14 12 15
3 0 3 1 3 2 4 5 6 7 8 9 10 0 12 13 11 14 15
3 0 3 1 3 2 4 5 6 7 8 9 10 11 12 0 14 15 13
3 0 3 1 3 2 4 5 6 7 8 9 10 11 12 15 13 14 0
3 0 3 1 3 2 4 5 6 7 8 9 0 11 12 10 13 14 15
3 0 3 1 3 2 4 5 6 7 8 9 10 11 12 15 13 0 14
3 0 3 1 3 2 4 5 6 7 8 0 9 11 12 10 13 14 15
2 0 2 1 3 2 4 5 6 7 8 10 9 11 12 0 13 14 15
2 0 2 1 3 2 4 5 6 7 8 10 9 11 12 13 0 14 15
2 0 2 1 3 2 4 5 6 7 8 10 9 11 12 13 14 0 15
2 0 2 1 3 2 4 5 6 7 8 10 9 11 12 13 14 15 0
3 0 3 1 3 2 4 5 6 7 8 9 11 0 12 10 13 14 15
3 0 3 1 3 2 4 5 6 7 8 9 10 11 12 15 0 13 14
3 0 3 1 3 2 4 5 6 7 8 9 11 12 0 10 13 14 15
3 0 3 1 3 2 4 5 6 7 8 9 10 11 12 0 15 13 14
3 0 3 1 3 2 4 5 6 7 8 9 0 10 12 13 11 14 15
2 0 2 1 3 2 4 5 6 7 8 9 11 10 12 13 0 14 15
2 0 2 1 3 2 4 5 6 7 8 9 11 10 12 0 13 14 15
2 0 2 1 3 2 4 5 6 7 8 9 11 10 12 13 14 0 15
2 0 2 1 3 2 4 5 6 7 8 9 0 10 12 11 13 14 15
2 0 2 1 3 2 4 5 6 7 8 9 11 10 12 13 14 15 0
2 0 2 1 3 2 4 5 6 7 8 0 9 10 12 11 13 14 15
2 0 2 1 3 2 4 5 6 7 8 9 10 0 12 11 13 14 15
2 0 2 1 3 2 4 5 6 7 8 9 10 12 0 11 13 14 15
3 0 3 1 3 2 4 5 6 7 8 9 10 11 12 14 15 13 0
3 0 3 1 3 2 4 5 6 7 8 0 9 10 12 13 11 14 15
3 0 3 1 3 2 4 5 6 7 8 11 9 10 12 0 13 14 15
3 0 3 1 3 2 4 5 6 7 8 9 10 11 12 14 15 0 13
3 0 3 1 3 2 4 5 6 7 8 11 9 10 12 13 0 14 15
3 0 3 1 3 2 4 5 6 7 8 9 10 12 0 13 11 14 15
3 0 3 1 3 2 4 5 6 7 8 11 9 10 12 13 14 0 15
3 0 3 1 3 2 4 5 6 7 8 9 10 11 12 14 0 15 13
3 0 3 1 3 2 4 5 6 7 8 11 9 10 12 13 14 15 0
3 0 3 1 3 2 4 5 6 0 7 9 10 8 11 12 13 14 15
2 0 2 1 3 2 4 5 6 8 7 9 10 0 11 12 13 14 15
2 0 2 1 3 2 4 5 6 8 7 9 0 10 11 12 13 14 15
2 0 2 1 3 2 4 5 6 8 7 9 10 11 0 12 13 14 15
2 0 2 1 3 2 4 5 6 8 7 0 9 10 11 12 13 14 15
2 0 2 1 3 2 4 5 6 0 7 9 8 10 11 12 13 14 15
2 0 2 1 3 2 4 5 0 6 7 9 8 10 11 12 13 14 15
2 0 2 1 3 2 4 5 6 7 0 9 8 10 11 12 13 14 15
2 0 2 1 3 2 4 0 5 6 7 9 8 10 11 12 13 14 15
2 0 2 1 0 2 4 3 5 6 7 9 8 10 11 12 13 14 15
2 0 2 0 1 2 4 3 5 6 7 9 8 10 11 12 13 14 15
2 0 2 1 2 0 4 3 5 6 7 9 8 10 11 12 13 14 15
2 0 2 1 2 4 0 3 5 6 7 9 8 10 11 12 13 14 15
3 0 3 1 3 2 4 5 6 7 8 9 10 13 11 0 12 14 15
3 0 3 1 3 2 4 5 0 6 7 9 10 8 11 12 13 14 15
3 0 3 1 0 2 4 5 3 6 7 9 8 10 11 12 13 14 15
3 0 3 1 3 2 4 5 8 6 7 9 0 10 11 12 13 14 15
3 0 3 3 1 2 4 0 5 6 7 9 8 10 11 12 13 14 15
3 0 3 1 3 2 4 0 5 6 7 9 10 8 11 12 13 14 15
3 0 3 1 3 2 4 5 8 6 7 9 10 0 11 12 13 14 15
3 0 3 0 1 2 4 5 3 6 7 9 8 10 11 12 13 14 15
3 0 3 1 2 0 4 5 3 6 7 9 8 10 11 12 13 14 15
1 0 1 1 2 3 4 5 0 6 7 9 8 10 11 12 13 14 15
1 0 1 1 2 3 4 0 5 6 7 9 8 10 11 12 13 14 15
1 0 1 1 2 3 4 5 6 0 7 9 8 10 11 12 13 14 15
1 0 1 1 2 3 4 5 6 7 0 9 8 10 11 12 13 14 15
1 0 1 1 2 3 4 5 6 8 7 9 0 10 11 12 13 14 15
1 0 1 1 2 3 4 5 6 8 7 0 9 10 11 12 13 14 15
1 0 1 1 2 3 4 5 6 8 7 9 10 0 11 12 13 14 15
1 0 1 1 2 3 4 5 6 8 7 9 10 11 0 12 13 14 15
2 0 2 1 2 3 4 5 8 6 7 9 0 10 11 12 13 14 15
2 0 2 1 2 3 4 5 6 0 7 9 10 8 11 12 13 14 15
2 0 2 1 2 3 4 5 8 6 7 0 9 10 11 12 13 14 15
0 0 0 1 2 3 4 5 0 6 7 8 9 10 11 12 13 14 15
0 0 0 1 2 3 4 0 5 6 7 8 9 10 11 12 13 14 15
0 0 0 1 2 3 4 5 6 0 7 8 9 10 11 12 13 14 15
0 0 0 1 2 3 4 5 6 7 0 8 9 10 11 12 13 14 15
2 0 2 1 2 3 4 5 8 6 7 9 10 0 11 12 13 14 15
2 0 2 1 2 3 4 5 0 6 7 9 10 8 11 12 13 14 15
2 0 2 1 2 3 4 5 6 7 0 9 10 8 11 12 13 14 15
0 0 0 1 2 3 4 5 6 7 8 9 10 0 11 12 13 14 15
0 0 0 1 2 3 4 5 6 7 8 9 0 10 11 12 13 14 15
0 0 0 1 2 3 4 5 6 7 8 9 10 11 0 12 13 14 15
0 0 0 1 2 3 4 5 6 7 8 0 9 10 11 12 13 14 15
2 0 2 1 2 0 4 5 3 6 7 8 9 10 11 12 13 14 15
2 0 2 1 2 3 4 7 5 6 0 8 9 10 11 12 13 14 15
2 0 2 1 0 3 4 2 5 6 7 8 9 10 11 12 13 14 15
2 0 2 1 2 3 4 5 6 7 8 9 10 13 11 12 0 14 15
2 0 2 1 2 3 4 5 6 0 8 9 7 10 11 12 13 14 15
2 0 2 1 2 3 4 5 6 7 8 9 12 10 11 0 13 14 15
2 0 2 1 2 3 4 5 6 7 8 11 9 10 0 12 13 14 15
2 0 2 1 2 3 4 5 0 7 8 6 9 10 11 12 13 14 15
2 0 2 1 0 2 4 5 3 6 7 8 9 10 11 12 13 14 15
1 0 1 1 3 2 4 5 0 6 7 8 9 10 11 12 13 14 15
1 0 1 1 3 2 4 0 5 6 7 8 9 10 11 12 13 14 15
1 0 1 1 3 2 4 5 6 0 7 8 9 10 11 12 13 14 15
1 0 1 1 0 2 4 3 5 6 7 8 9 10 11 12 13 14 15
1 0 1 1 3 2 4 5 6 7 0 8 9 10 11 12 13 14 15
1 0 1 0 1 2 4 3 5 6 7 8 9 10 11 12 13 14 15
1 0 1 1 2 0 4 3 5 6 7 8 9 10 11 12 13 14 15
1 0 1 1 2 4 0 3 5 6 7 8 9 10 11 12 13 14 15
2 0 2 1 2 3 4 5 6 7 8 9 10 13 11 12 14 0 15
1 0 1 1 2 3 4 5 6 7 8 9 10 0 11 12 14 13 15
1 0 1 1 2 3 4 5 6 7 8 9 0 10 11 12 14 13 15
1 0 1 1 2 3 4 5 6 7 8 9 10 11 0 12 14 13 15
1 0 1 1 2 3 4 5 6 7 8 0 9 10 11 12 14 13 15
1 0 1 1 2 3 4 5 6 7 8 9 10 11 13 12 14 0 15
1 0 1 1 2 3 4 5 6 7 8 9 10 11 13 12 0 14 15
1 0 1 1 2 3 4 5 6 7 8 9 10 11 13 12 14 15 0
1 0 1 1 2 3 4 5 6 7 8 9 10 11 13 0 12 14 15
2 0 2 1 2 3 4 5 0 6 8 9 7 10 11 12 13 14 15
1 0 1 1 2 3 4 5 7 6 8 9 0 10 11 12 13 14 15
1 0 1 1 2 3 4 5 7 6 8 0 9 10 11 12 13 14 15
1 0 1 1 2 3 4 5 7 6 8 9 10 0 11 12 13 14 15
1 0 1 1 2 3 4 5 0 6 8 7 9 10 11 12 13 14 15
1 0 1 1 2 3 4 5 7 6 8 9 10 11 0 12 13 14 15
1 0 1 1 2 3 4 0 5 6 8 7 9 10 11 12 13 14 15
1 0 1 1 2 3 4 5 6 0 8 7 9 10 11 12 13 14 15
1 0 1 1 2 3 4 5 6 8 0 7 9 10 11 12 13 14 15
2 0 2 3 1 2 4 0 5 6 7 8 9 10 11 12 13 14 15
2 0 2 1 2 3 4 5 6 8 0 9 7 10 11 12 13 14 15
2 0 2 1 2 3 4 5 6 7 8 9 10 13 11 12 14 15 0
2 0 2 1 2 3 4 5 6 7 8 9 10 11 0 12 14 15 13
2 0 2 1 2 3 4 7 5 6 8 0 9 10 11 12 13 14 15
2 0 2 1 2 3 4 5 6 7 8 9 10 0 11 12 14 15 13
2 0 2 1 2 3 4 0 5 6 8 9 7 10 11 12 13 14 15
2 0 2 1 2 3 4 7 5 6 8 9 0 10 11 12 13 14 15
2 0 2 1 2 3 4 5 6 7 8 9 0 10 11 12 14 15 13
2 0 2 3 1 2 4 5 0 6 7 8 9 10 11 12 13 14 15
2 0 2 1 2 3 4 7 5 6 8 9 10 0 11 12 13 14 15
2 0 2 1 2 3 4 5 6 7 8 0 9 10 11 12 14 15 13
2 0 2 3 1 2 4 5 6 0 7 8 9 10 11 12 13 14 15
2 0 2 1 2 3 4 7 5 6 8 9 10 11 0 12 13 14 15
2 0 2 1 2 3 4 5 6 7 8 9 12 10 11 13 0 14 15
1 0 1 1 2 3 4 5 6 7 8 9 0 10 11 13 12 14 15
1 0 1 1 2 3 4 5 6 7 8 0 9 10 11 13 12 14 15
1 0 1 1 2 3 4 5 6 7 8 9 10 0 11 13 12 14 15
1 0 1 1 2 3 4 5 6 7 8 9 10 11 0 13 12 14 15
1 0 1 1 2 3 4 5 6 7 8 9 10 12 11 13 0 14 15
1 0 1 1 2 3 4 5 6 7 8 9 10 12 11 0 13 14 15
1 0 1 1 2 3 4 5 6 7 8 9 10 12 11 13 14 0 15
1 0 1 1 2 3 4 5 6 7 8 9 10 12 11 13 14 15 0
2 0 2 3 1 2 4 5 6 7 0 8 9 10 11 12 13 14 15
2 0 2 1 2 3 4 5 6 7 8 11 9 0 10 12 13 14 15
2 0 2 1 2 3 4 5 6 7 8 9 12 10 11 13 14 0 15
2 0 2 1 2 3 4 5 6 7 8 9 10 0 11 13 14 12 15
2 0 2 1 2 3 4 5 6 7 8 11 0 9 10 12 13 14 15
2 0 2 1 2 3 4 5 6 7 8 9 12 10 11 13 14 15 0
2 0 2 1 2 3 4 5 6 7 8 9 0 10 11 13 14 12 15
2 0 2 1 2 3 4 5 6 7 8 9 10 11 0 13 14 12 15
0 0 0 1 2 3 4 5 6 7 8 9 10 11 12 13 14 0 15
0 0 0 1 2 3 4 5 6 7 8 9 10 11 12 13 0 14 15
