13 0 13 5 1 2 4 9 6 3 7 13 10 0 8 14 15 11 12
12 0 12 5 1 2 4 9 6 3 7 13 10 11 8 14 15 0 12
11 0 11 5 1 2 4 9 6 3 7 13 10 11 8 14 0 15 12
10 0 10 5 1 2 4 9 6 3 7 13 10 11 8 0 14 15 12
9 0 9 5 1 2 4 9 6 3 7 0 10 11 8 13 14 15 12
8 0 8 5 1 2 4 0 6 3 7 9 10 11 8 13 14 15 12
7 0 7 0 1 2 4 5 6 3 7 9 10 11 8 13 14 15 12
6 0 6 1 0 2 4 5 6 3 7 9 10 11 8 13 14 15 12
5 0 5 1 2 0 4 5 6 3 7 9 10 11 8 13 14 15 12
4 0 4 1 2 3 4 5 6 0 7 9 10 11 8 13 14 15 12
3 0 3 1 2 3 4 5 6 7 0 9 10 11 8 13 14 15 12
2 0 2 1 2 3 4 5 6 7 8 9 10 11 0 13 14 15 12
