14 0 14 5 1 2 4 6 0 10 7 13 11 3 8 14 9 15 12
14 1 13 5 1 2 4 0 6 10 7 13 11 3 8 14 9 15 12
14 2 12 0 1 2 4 5 6 10 7 13 11 3 8 14 9 15 12
14 3 11 1 0 2 4 5 6 10 7 13 11 3 8 14 9 15 12
14 4 10 1 2 0 4 5 6 10 7 13 11 3 8 14 9 15 12
15 1 14 5 0 2 4 6 1 10 7 13 11 3 8 14 9 15 12
15 1 14 5 1 2 4 6 10 0 7 13 11 3 8 14 9 15 12
15 2 13 5 2 0 4 6 1 10 7 13 11 3 8 14 9 15 12
15 2 13 5 1 2 4 6 10 7 0 13 11 3 8 14 9 15 12
15 5 10 1 2 10 4 5 6 0 7 13 11 3 8 14 9 15 12
15 2 13 5 1 2 4 13 6 10 7 0 11 3 8 14 9 15 12
15 1 14 5 1 2 4 6 11 10 7 13 0 3 8 14 9 15 12
15 6 9 1 2 10 4 5 6 7 0 13 11 3 8 14 9 15 12
15 3 12 5 1 2 4 6 10 7 8 13 11 3 0 14 9 15 12
14 4 10 5 1 2 4 6 10 7 8 13 11 3 12 14 9 15 0
15 7 8 1 2 10 4 5 6 7 8 13 11 3 0 14 9 15 12
14 8 6 1 2 10 4 5 6 7 8 13 11 3 12 14 9 15 0
16 2 14 5 1 2 4 6 10 3 7 13 11 0 8 14 9 15 12
16 4 12 5 1 2 4 6 10 7 8 13 11 0 3 14 9 15 12
16 2 14 5 1 0 4 6 10 2 7 13 11 3 8 14 9 15 12
16 4 12 14 1 2 4 5 6 10 7 13 11 3 8 0 9 15 12
16 2 14 5 1 2 4 6 11 10 7 0 13 3 8 14 9 15 12
16 2 14 5 1 2 4 6 11 10 7 13 9 3 8 14 0 15 12
16 2 14 5 1 2 4 6 11 10 7 13 3 0 8 14 9 15 12
16 2 14 0 5 2 4 6 1 10 7 13 11 3 8 14 9 15 12
16 3 13 5 1 2 4 13 6 10 7 11 0 3 8 14 9 15 12
16 3 13 5 1 2 4 13 6 10 7 14 11 3 8 0 9 15 12
16 3 13 5 1 2 4 6 11 10 7 13 9 3 8 0 14 15 12
16 5 11 12 1 2 4 5 6 10 7 13 11 3 8 14 9 15 0
16 4 12 5 1 2 4 6 11 10 7 0 9 3 8 13 14 15 12
16 3 13 5 1 2 4 7 6 10 0 13 11 3 8 14 9 15 12
16 5 11 14 1 2 4 5 6 10 7 0 11 3 8 13 9 15 12
16 5 11 1 2 4 0 5 6 10 7 13 11 3 8 14 9 15 12
16 5 11 5 1 2 4 6 10 7 8 13 0 11 3 14 9 15 12
16 6 10 1 2 10 4 5 6 3 7 13 11 0 8 14 9 15 12
16 3 13 5 1 2 4 6 10 3 7 13 0 11 8 14 9 15 12
16 5 11 1 9 2 4 5 6 10 7 13 11 3 8 14 0 15 12
16 6 10 5 1 2 4 6 0 7 8 13 10 11 3 14 9 15 12
16 4 12 5 1 2 4 6 0 3 7 13 10 11 8 14 9 15 12
16 6 10 1 9 2 4 5 6 10 7 13 11 3 8 0 14 15 12
16 7 9 5 1 2 4 0 6 7 8 13 10 11 3 14 9 15 12
16 5 11 5 1 2 4 0 6 3 7 13 10 11 8 14 9 15 12
16 7 9 1 9 2 4 5 6 10 7 0 11 3 8 13 14 15 12
16 6 10 0 1 2 4 5 6 3 7 13 10 11 8 14 9 15 12
16 8 8 0 1 2 4 5 6 7 8 13 10 11 3 14 9 15 12
16 7 9 1 0 2 4 5 6 3 7 13 10 11 8 14 9 15 12
16 9 7 1 0 2 4 5 6 7 8 13 10 11 3 14 9 15 12
16 8 8 1 2 0 4 5 6 3 7 13 10 11 8 14 9 15 12
16 10 6 1 2 0 4 5 6 7 8 13 10 11 3 14 9 15 12
16 9 7 1 2 3 4 5 6 0 7 13 10 11 8 14 9 15 12
16 7 9 1 2 10 4 5 6 3 7 13 0 11 8 14 9 15 12
16 10 6 1 2 3 4 5 6 7 0 13 10 11 8 14 9 15 12
16 4 12 1 6 2 4 5 0 10 7 13 11 3 8 14 9 15 12
16 11 5 1 2 3 4 5 6 7 8 13 10 11 0 14 9 15 12
15 12 3 1 2 3 4 5 6 7 8 13 10 11 12 14 9 15 0
16 3 13 5 2 10 4 6 1 0 7 13 11 3 8 14 9 15 12
16 8 8 1 2 10 4 5 6 7 8 13 11 0 3 14 9 15 12
16 4 12 5 2 10 4 6 1 7 0 13 11 3 8 14 9 15 12
16 4 12 5 1 2 4 7 6 10 8 13 11 3 0 14 9 15 12
15 5 10 5 1 2 4 7 6 10 8 13 11 3 12 14 9 15 0
16 5 11 5 1 2 4 6 11 10 7 9 0 3 8 13 14 15 12
16 9 7 1 2 10 4 5 6 7 8 13 0 11 3 14 9 15 12
16 5 11 5 2 10 4 6 1 7 8 13 11 3 0 14 9 15 12
15 6 9 5 2 10 4 6 1 7 8 13 11 3 12 14 9 15 0
17 3 14 6 5 2 4 0 1 10 7 13 11 3 8 14 9 15 12
17 5 12 1 6 2 4 5 10 0 7 13 11 3 8 14 9 15 12
17 4 13 5 2 10 4 6 0 1 7 13 11 3 8 14 9 15 12
17 5 12 1 6 2 4 5 11 10 7 13 0 3 8 14 9 15 12
17 8 9 1 2 10 4 5 6 3 7 0 13 11 8 14 9 15 12
17 8 9 1 2 10 4 5 6 3 7 13 9 11 8 14 0 15 12
17 4 13 5 1 2 4 13 6 10 7 11 3 0 8 14 9 15 12
17 5 12 5 1 2 4 13 6 10 7 14 11 3 8 12 9 15 0
17 5 12 5 1 2 4 6 11 10 7 13 9 3 8 12 14 15 0
17 4 13 5 1 2 4 13 6 10 7 14 11 3 8 9 0 15 12
17 4 13 4 1 2 0 5 6 10 7 13 11 3 8 14 9 15 12
17 3 14 5 1 2 4 6 11 0 7 13 3 10 8 14 9 15 12
17 3 14 5 1 2 4 6 11 10 7 13 3 8 0 14 9 15 12
16 4 12 5 1 2 4 6 11 10 7 13 3 8 12 14 9 15 0
17 7 10 1 2 10 0 5 6 7 4 13 11 3 8 14 9 15 12
17 3 14 5 1 2 4 6 13 10 7 0 11 3 8 14 9 15 12
17 4 13 5 1 2 4 6 11 0 7 13 10 3 8 14 9 15 12
17 4 13 5 1 2 4 13 6 10 7 8 11 3 0 14 9 15 12
16 5 11 5 1 2 4 13 6 10 7 8 11 3 12 14 9 15 0
17 3 14 5 1 2 4 6 11 10 7 14 13 3 8 0 9 15 12
17 8 9 1 9 2 4 5 6 10 7 11 0 3 8 13 14 15 12
17 3 14 5 1 2 4 0 11 10 7 6 13 3 8 14 9 15 12
17 3 14 5 1 2 4 6 3 10 7 13 11 0 8 14 9 15 12
17 6 11 5 1 2 4 13 6 3 7 0 10 11 8 14 9 15 12
17 6 11 14 1 2 4 5 6 10 7 13 11 3 8 12 9 15 0
17 4 13 0 1 2 4 5 11 10 7 6 13 3 8 14 9 15 12
17 4 13 5 1 2 4 6 3 10 7 13 0 11 8 14 9 15 12
17 5 12 1 0 2 4 5 11 10 7 6 13 3 8 14 9 15 12
17 3 14 0 1 2 4 6 5 10 7 13 11 3 8 14 9 15 12
17 6 11 1 2 0 4 5 11 10 7 6 13 3 8 14 9 15 12
17 4 13 1 0 2 4 6 5 10 7 13 11 3 8 14 9 15 12
17 3 14 5 9 2 4 6 1 10 7 13 11 3 8 14 0 15 12
17 5 12 1 2 0 4 6 5 10 7 13 11 3 8 14 9 15 12
17 4 13 5 9 2 4 6 1 10 7 13 11 3 8 0 14 15 12
17 4 13 5 1 2 4 13 6 10 7 11 9 3 8 14 0 15 12
17 5 12 5 9 2 4 6 1 10 7 0 11 3 8 13 14 15 12
17 5 12 5 1 2 4 13 6 10 7 11 9 3 8 0 14 15 12
17 6 11 1 2 15 4 5 6 10 7 13 11 3 8 14 9 0 12
17 8 9 5 1 2 4 13 6 7 8 0 10 11 3 14 9 15 12
17 7 10 1 2 15 4 5 6 10 7 13 11 3 8 14 9 12 0
17 5 12 5 1 2 4 6 11 7 0 13 10 3 8 14 9 15 12
17 8 9 1 9 2 4 5 6 10 7 13 11 3 8 12 14 15 0
17 6 11 5 1 2 4 6 11 7 8 13 10 3 0 14 9 15 12
16 7 9 5 1 2 4 6 11 7 8 13 10 3 12 14 9 15 0
17 5 12 5 0 2 4 6 1 3 7 13 10 11 8 14 9 15 12
17 5 12 5 1 2 4 6 3 0 7 13 10 11 8 14 9 15 12
17 6 11 5 2 0 4 6 1 3 7 13 10 11 8 14 9 15 12
17 6 11 5 1 2 4 6 3 7 0 13 10 11 8 14 9 15 12
17 7 10 5 2 3 4 6 1 0 7 13 10 11 8 14 9 15 12
17 7 10 5 1 2 4 6 3 7 8 13 10 11 0 14 9 15 12
16 8 8 5 1 2 4 6 3 7 8 13 10 11 12 14 9 15 0
17 8 9 5 2 3 4 6 1 7 0 13 10 11 8 14 9 15 12
17 4 13 5 0 2 4 1 6 10 7 13 11 3 8 14 9 15 12
17 5 12 14 1 2 4 5 6 10 7 13 11 3 8 9 0 15 12
17 7 10 1 2 7 4 5 6 10 0 13 11 3 8 14 9 15 12
17 7 10 5 0 2 4 6 1 7 8 13 10 11 3 14 9 15 12
17 4 13 5 1 2 4 6 11 7 0 13 3 10 8 14 9 15 12
17 6 11 1 9 2 4 5 6 10 7 13 0 3 8 14 11 15 12
17 6 11 1 2 10 4 5 0 6 7 13 11 3 8 14 9 15 12
17 4 13 5 1 2 4 6 10 3 7 13 9 11 8 14 0 15 12
17 3 14 5 1 0 4 6 2 10 7 13 11 3 8 14 9 15 12
17 4 13 5 1 2 4 0 10 7 6 13 11 3 8 14 9 15 12
17 4 13 5 1 2 4 6 10 3 7 0 13 11 8 14 9 15 12
17 9 8 1 2 10 4 5 6 3 7 13 9 11 8 0 14 15 12
17 3 14 5 0 1 4 6 10 2 7 13 11 3 8 14 9 15 12
17 3 14 5 1 2 0 6 10 7 4 13 11 3 8 14 9 15 12
17 7 10 1 2 10 4 5 6 3 7 13 11 8 0 14 9 15 12
16 8 8 1 2 10 4 5 6 3 7 13 11 8 12 14 9 15 0
17 5 12 5 1 2 4 13 6 10 7 9 11 3 8 14 0 15 12
17 5 12 5 2 10 4 0 6 1 7 13 11 3 8 14 9 15 12
17 6 11 5 1 2 4 6 10 7 8 13 9 11 3 14 0 15 12
17 3 14 5 1 2 4 6 10 3 7 13 11 8 0 14 9 15 12
16 4 12 5 1 2 4 6 10 3 7 13 11 8 12 14 9 15 0
17 9 8 1 2 10 4 5 6 7 8 13 11 3 12 14 9 0 15
17 10 7 1 2 10 4 5 6 7 8 13 11 3 12 0 9 15 14
17 6 11 1 6 2 4 5 10 7 0 13 11 3 8 14 9 15 12
17 6 11 5 1 2 4 6 10 7 8 0 13 11 3 14 9 15 12
17 7 10 1 2 4 12 5 6 10 7 13 11 3 8 14 9 15 0
17 6 11 0 2 10 4 5 6 1 7 13 11 3 8 14 9 15 12
17 11 6 1 2 10 4 5 6 7 8 0 11 3 12 13 9 15 14
17 7 10 1 6 2 4 5 10 7 8 13 11 3 0 14 9 15 12
16 8 8 1 6 2 4 5 10 7 8 13 11 3 12 14 9 15 0
17 7 10 5 1 2 4 6 10 7 8 13 9 11 3 0 14 15 12
17 4 13 5 1 2 4 11 6 10 7 13 0 3 8 14 9 15 12
17 6 11 1 2 4 7 5 6 10 0 13 11 3 8 14 9 15 12
17 8 9 5 1 2 4 6 10 7 8 0 9 11 3 13 14 15 12
17 6 11 5 1 2 4 13 6 10 7 9 11 3 8 0 14 15 12
17 7 10 1 2 4 7 5 6 10 8 13 11 3 0 14 9 15 12
16 8 8 1 2 4 7 5 6 10 8 13 11 3 12 14 9 15 0
17 9 8 5 1 2 4 6 10 7 8 9 0 11 3 13 14 15 12
17 6 11 1 10 2 4 5 6 0 7 13 11 3 8 14 9 15 12
17 9 8 1 2 10 4 5 6 7 8 0 11 3 13 14 9 15 12
17 10 7 5 1 2 4 6 0 7 8 9 10 11 3 13 14 15 12
17 7 10 1 10 2 4 5 6 7 0 13 11 3 8 14 9 15 12
17 6 11 5 2 10 4 6 1 7 8 13 11 0 3 14 9 15 12
17 11 6 5 1 2 4 0 6 7 8 9 10 11 3 13 14 15 12
17 8 9 1 10 2 4 5 6 7 8 13 11 3 0 14 9 15 12
16 9 7 1 10 2 4 5 6 7 8 13 11 3 12 14 9 15 0
17 7 10 5 2 10 4 6 1 7 8 13 0 11 3 14 9 15 12
17 12 5 0 1 2 4 5 6 7 8 9 10 11 3 13 14 15 12
17 4 13 5 1 2 4 7 6 0 10 13 11 3 8 14 9 15 12
17 6 11 5 1 2 4 6 11 10 7 9 3 0 8 13 14 15 12
17 13 4 1 0 2 4 5 6 7 8 9 10 11 3 13 14 15 12
17 10 7 1 2 10 4 5 6 7 8 0 13 11 3 14 9 15 12
17 10 7 1 2 10 4 5 6 7 8 13 9 11 3 14 0 15 12
17 14 3 1 2 0 4 5 6 7 8 9 10 11 3 13 14 15 12
17 10 7 1 2 10 4 5 6 3 7 0 9 11 8 13 14 15 12
17 11 6 1 2 10 4 5 6 7 8 13 9 11 3 0 14 15 12
17 5 12 0 1 2 4 5 10 7 6 13 11 3 8 14 9 15 12
17 11 6 1 2 10 4 5 6 3 7 9 0 11 8 13 14 15 12
17 12 5 1 2 10 4 5 6 7 8 0 9 11 3 13 14 15 12
17 6 11 1 0 2 4 5 10 7 6 13 11 3 8 14 9 15 12
17 13 4 1 2 10 4 5 6 7 8 9 0 11 3 13 14 15 12
17 7 10 1 2 0 4 5 10 7 6 13 11 3 8 14 9 15 12
17 6 11 5 1 2 4 6 0 10 7 9 11 3 8 13 14 15 12
17 5 12 5 1 2 4 6 10 3 7 13 9 11 8 0 14 15 12
17 7 10 5 1 2 4 0 6 10 7 9 11 3 8 13 14 15 12
17 6 11 5 1 2 4 6 10 3 7 0 9 11 8 13 14 15 12
17 8 9 0 1 2 4 5 6 10 7 9 11 3 8 13 14 15 12
17 7 10 5 1 2 4 6 10 3 7 9 0 11 8 13 14 15 12
17 9 8 1 0 2 4 5 6 10 7 9 11 3 8 13 14 15 12
17 8 9 5 1 2 4 6 0 3 7 9 10 11 8 13 14 15 12
17 10 7 1 2 0 4 5 6 10 7 9 11 3 8 13 14 15 12
17 9 8 5 1 2 4 0 6 3 7 9 10 11 8 13 14 15 12
17 3 14 5 2 4 0 6 1 10 7 13 11 3 8 14 9 15 12
17 10 7 0 1 2 4 5 6 3 7 9 10 11 8 13 14 15 12
17 6 11 14 1 2 4 5 6 10 7 11 0 3 8 13 9 15 12
17 11 6 1 0 2 4 5 6 3 7 9 10 11 8 13 14 15 12
17 5 12 5 1 2 4 0 11 10 7 6 9 3 8 13 14 15 12
17 12 5 1 2 0 4 5 6 3 7 9 10 11 8 13 14 15 12
17 6 11 0 1 2 4 5 11 10 7 6 9 3 8 13 14 15 12
17 13 4 1 2 3 4 5 6 0 7 9 10 11 8 13 14 15 12
17 7 10 1 0 2 4 5 11 10 7 6 9 3 8 13 14 15 12
17 14 3 1 2 3 4 5 6 7 0 9 10 11 8 13 14 15 12
17 8 9 1 2 0 4 5 11 10 7 6 9 3 8 13 14 15 12
17 15 2 1 2 3 4 5 6 7 8 9 10 11 0 13 14 15 12
16 16 0 1 2 3 4 5 6 7 8 9 10 11 12 13 14 15 0
