22 0 22 5 1 2 4 6 0 10 7 13 11 3 8 14 9 15 12
21 3 18 5 1 2 4 6 3 10 7 13 11 0 8 14 9 15 12
22 4 18 5 1 2 4 6 3 10 7 13 0 11 8 14 9 15 12
22 4 18 5 1 2 4 6 3 10 7 13 11 8 0 14 9 15 12
22 5 17 5 1 2 4 6 3 10 7 13 9 11 8 14 0 15 12
22 5 17 5 1 2 4 6 3 10 7 13 11 8 12 14 9 15 0
22 6 16 5 1 2 4 6 3 10 7 0 11 8 13 14 9 15 12
23 3 20 0 1 2 4 6 5 10 7 13 11 3 8 14 9 15 12
23 5 18 5 1 2 4 6 3 10 7 0 13 11 8 14 9 15 12
23 8 15 5 1 2 4 6 3 10 7 0 9 11 8 14 13 15 12
23 6 17 5 1 2 4 6 3 10 7 13 11 8 12 14 9 0 15
23 6 17 5 1 2 4 6 3 10 7 13 9 11 8 0 14 15 12
21 7 14 5 1 2 4 6 3 10 7 0 9 11 8 13 14 15 12
21 9 12 5 1 2 4 6 3 10 7 8 9 11 0 13 14 15 12
19 10 9 5 1 2 4 6 3 10 7 8 9 11 12 13 14 15 0
20 11 9 5 1 2 4 6 3 10 7 8 9 11 12 13 14 0 15
21 12 9 5 1 2 4 6 3 10 7 8 9 11 12 13 0 14 15
22 12 10 5 1 2 4 6 3 0 7 8 9 11 10 13 14 15 12
22 10 12 5 1 2 4 6 3 10 7 8 9 0 11 13 14 15 12
20 11 9 5 1 2 4 6 3 0 7 8 9 10 11 13 14 15 12
21 12 9 5 1 2 4 6 0 3 7 8 9 10 11 13 14 15 12
21 12 9 5 1 2 4 6 3 7 0 8 9 10 11 13 14 15 12
22 15 7 0 1 2 4 6 5 3 7 8 9 10 11 13 14 15 12
22 8 14 5 1 2 4 6 3 10 7 9 0 11 8 13 14 15 12
22 13 9 5 1 2 4 6 3 10 7 8 9 11 12 0 13 14 15
22 13 9 5 1 2 4 0 6 3 7 8 9 10 11 13 14 15 12
20 14 6 0 1 2 4 5 6 3 7 8 9 10 11 13 14 15 12
21 15 6 1 0 2 4 5 6 3 7 8 9 10 11 13 14 15 12
22 16 6 1 2 0 4 5 6 3 7 8 9 10 11 13 14 15 12
20 17 3 1 2 3 4 5 6 0 7 8 9 10 11 13 14 15 12
21 18 3 1 2 3 4 5 0 6 7 8 9 10 11 13 14 15 12
21 18 3 1 2 3 4 5 6 7 0 8 9 10 11 13 14 15 12
22 18 4 1 3 2 4 5 6 0 7 8 9 10 11 13 14 15 12
22 19 3 1 2 3 4 0 5 6 7 8 9 10 11 13 14 15 12
23 8 15 5 1 2 4 6 3 10 7 13 9 11 8 12 14 15 0
23 8 15 5 1 2 4 0 3 10 7 6 9 11 8 13 14 15 12
21 9 12 0 1 2 4 5 3 10 7 6 9 11 8 13 14 15 12
22 10 12 1 0 2 4 5 3 10 7 6 9 11 8 13 14 15 12
22 11 11 1 3 2 4 5 0 10 7 6 9 11 8 13 14 15 12
23 11 12 5 1 2 4 6 3 0 7 9 10 11 8 13 14 15 12
23 13 10 5 1 2 0 6 3 7 4 8 9 10 11 13 14 15 12
23 14 9 5 1 2 4 0 3 7 6 8 9 10 11 13 14 15 12
21 15 6 0 1 2 4 5 3 7 6 8 9 10 11 13 14 15 12
22 16 6 1 0 2 4 5 3 7 6 8 9 10 11 13 14 15 12
22 17 5 1 3 2 4 5 0 7 6 8 9 10 11 13 14 15 12
23 9 14 5 1 2 4 6 3 10 7 9 11 0 8 13 14 15 12
23 17 6 1 2 0 4 5 3 7 6 8 9 10 11 13 14 15 12
23 18 5 1 3 2 4 0 5 7 6 8 9 10 11 13 14 15 12
23 18 5 1 3 2 4 5 7 0 6 8 9 10 11 13 14 15 12
23 10 13 5 1 2 4 6 3 0 7 9 11 10 8 13 14 15 12
23 16 7 1 0 2 4 6 5 3 7 8 9 10 11 13 14 15 12
23 12 11 1 3 2 4 0 5 10 7 6 9 11 8 13 14 15 12
23 15 8 0 1 2 5 6 3 7 4 8 9 10 11 13 14 15 12
23 13 10 1 3 2 4 6 5 10 7 0 9 11 8 13 14 15 12
23 12 11 1 3 2 4 5 10 0 7 6 9 11 8 13 14 15 12
23 15 8 1 3 2 4 6 5 10 7 8 9 11 0 13 14 15 12
21 16 5 1 3 2 4 6 5 10 7 8 9 11 12 13 14 15 0
22 17 5 1 3 2 4 6 5 10 7 8 9 11 12 13 14 0 15
23 14 9 1 3 2 4 5 6 10 7 0 9 11 8 13 14 15 12
23 11 12 5 1 2 4 6 3 10 7 8 0 9 11 13 14 15 12
23 11 12 1 2 0 4 5 3 10 7 6 9 11 8 13 14 15 12
23 13 10 5 1 2 4 6 3 10 7 8 9 12 11 13 14 15 0
23 19 4 1 3 2 4 5 0 6 7 8 9 10 11 13 14 15 12
23 19 4 1 3 2 4 5 6 7 0 8 9 10 11 13 14 15 12
23 6 17 5 1 2 4 6 3 10 7 13 9 11 8 14 15 0 12
23 7 16 5 1 2 4 6 3 10 7 8 13 11 0 14 9 15 12
23 1 22 5 1 2 4 6 10 0 7 13 11 3 8 14 9 15 12
21 2 19 5 1 2 4 6 10 3 7 13 11 0 8 14 9 15 12
22 3 19 5 1 2 4 6 10 3 7 13 0 11 8 14 9 15 12
22 3 19 5 1 2 4 6 10 3 7 13 11 8 0 14 9 15 12
22 4 18 5 1 2 4 6 0 3 7 13 10 11 8 14 9 15 12
22 4 18 5 1 2 4 6 10 3 7 13 9 11 8 14 0 15 12
22 4 18 5 1 2 4 6 10 3 7 13 11 8 12 14 9 15 0
22 5 17 5 1 2 4 6 10 3 7 0 11 8 13 14 9 15 12
23 5 18 5 1 2 4 0 6 3 7 13 10 11 8 14 9 15 12
21 6 15 0 1 2 4 5 6 3 7 13 10 11 8 14 9 15 12
22 7 15 1 0 2 4 5 6 3 7 13 10 11 8 14 9 15 12
23 5 18 5 1 2 4 6 3 0 7 13 10 11 8 14 9 15 12
23 7 16 5 1 2 4 6 10 3 7 0 9 11 8 14 13 15 12
23 5 18 5 1 2 4 6 10 3 7 13 11 8 12 14 9 0 15
23 8 15 1 2 0 4 5 6 3 7 13 10 11 8 14 9 15 12
21 9 12 1 2 3 4 5 6 0 7 13 10 11 8 14 9 15 12
22 10 12 1 2 3 4 5 0 6 7 13 10 11 8 14 9 15 12
22 10 12 1 2 3 4 5 6 7 0 13 10 11 8 14 9 15 12
20 11 9 1 2 3 4 5 6 7 8 13 10 11 0 14 9 15 12
20 12 8 1 2 3 4 5 6 7 8 13 10 11 12 14 9 15 0
20 13 7 1 2 3 4 5 6 7 8 0 10 11 13 14 9 15 12
19 16 3 1 2 3 4 5 6 7 8 9 10 11 13 14 0 15 12
20 17 3 1 2 3 4 5 6 7 8 9 10 11 13 0 14 15 12
20 17 3 1 2 3 4 5 6 7 8 9 10 11 13 14 15 0 12
20 19 1 1 2 3 4 5 6 7 8 9 10 11 13 12 14 15 0
21 12 9 1 2 3 4 5 6 7 8 13 10 0 11 14 9 15 12
21 13 8 1 2 3 4 5 6 7 8 13 10 11 12 14 9 0 15
21 14 7 1 2 3 4 5 6 7 8 10 0 11 13 14 9 15 12
19 15 4 1 2 3 4 5 6 7 8 10 9 11 13 14 0 15 12
20 16 4 1 2 3 4 5 6 7 8 10 9 11 13 0 14 15 12
20 16 4 1 2 3 4 5 6 7 8 10 9 11 13 14 15 0 12
20 18 2 1 2 3 4 5 6 7 8 10 9 11 13 12 14 15 0
21 18 3 1 2 3 4 5 6 7 8 9 10 11 13 14 15 12 0
21 20 1 1 2 3 4 5 6 7 8 9 10 11 13 12 14 0 15
21 17 4 1 2 3 4 5 6 7 8 10 9 11 13 14 15 12 0
21 19 2 1 2 3 4 5 6 7 8 10 9 11 13 12 14 0 15
22 21 1 1 2 3 4 5 6 7 8 9 10 11 13 12 0 14 15
22 13 9 1 2 3 4 5 6 7 8 13 0 10 11 14 9 15 12
20 14 6 1 2 3 4 5 6 7 8 13 9 10 11 14 0 15 12
21 15 6 1 2 3 4 5 6 7 8 13 9 10 11 0 14 15 12
19 16 3 1 2 3 4 5 6 7 8 0 9 10 11 13 14 15 12
20 17 3 1 2 3 4 5 6 7 8 9 0 10 11 13 14 15 12
21 15 6 1 2 3 4 5 6 7 8 13 9 10 11 14 15 0 12
21 17 4 1 2 3 4 5 6 7 8 0 9 10 11 14 13 15 12
21 17 4 1 2 3 4 5 6 7 8 13 9 10 11 12 14 15 0
21 18 3 1 2 3 4 5 6 7 8 9 10 0 11 13 14 15 12
22 20 2 1 2 3 4 5 6 7 8 10 9 11 13 12 0 14 15
22 16 6 1 2 3 4 5 6 7 8 13 9 10 11 14 15 12 0
22 18 4 1 2 3 4 5 6 7 8 9 0 10 11 14 13 15 12
22 18 4 1 2 3 4 5 6 7 8 13 9 10 11 12 14 0 15
22 19 3 1 2 3 4 5 6 7 8 9 10 11 0 13 14 15 12
20 20 0 1 2 3 4 5 6 7 8 9 10 11 12 13 14 15 0
