0 0 5 1 2 4 6 0 10 7 13 11 3 8 14 9 15 12
10 1 5 1 2 4 6 10 0 7 13 11 3 8 14 9 15 12
3 1 5 1 2 4 6 10 3 7 13 11 0 8 14 9 15 12
11 1 5 1 2 4 6 10 3 7 13 0 11 8 14 9 15 12
10 1 5 1 2 4 6 0 3 7 13 10 11 8 14 9 15 12
6 1 5 1 2 4 0 6 3 7 13 10 11 8 14 9 15 12
5 1 0 1 2 4 5 6 3 7 13 10 11 8 14 9 15 12
1 1 1 0 2 4 5 6 3 7 13 10 11 8 14 9 15 12
2 1 1 2 0 4 5 6 3 7 13 10 11 8 14 9 15 12
3 1 1 2 3 4 5 6 0 7 13 10 11 8 14 9 15 12
7 1 1 2 3 4 5 6 7 0 13 10 11 8 14 9 15 12
8 1 1 2 3 4 5 6 7 8 13 10 11 0 14 9 15 12
11 1 1 2 3 4 5 6 7 8 13 10 0 11 14 9 15 12
10 1 1 2 3 4 5 6 7 8 13 0 10 11 14 9 15 12
9 1 1 2 3 4 5 6 7 8 13 9 10 11 14 0 15 12
14 1 1 2 3 4 5 6 7 8 13 9 10 11 0 14 15 12
13 1 1 2 3 4 5 6 7 8 0 9 10 11 13 14 15 12
9 1 1 2 3 4 5 6 7 8 9 0 10 11 13 14 15 12
10 1 1 2 3 4 5 6 7 8 9 10 0 11 13 14 15 12
11 1 1 2 3 4 5 6 7 8 9 10 11 0 13 14 15 12
12 1 1 2 3 4 5 6 7 8 9 10 11 12 13 14 15 0

20 1.7874577045440674