0 0 5 1 2 4 6 0 10 7 13 11 3 8 14 9 15 12
6 1 5 1 2 4 0 6 10 7 13 11 3 8 14 9 15 12
5 1 0 1 2 4 5 6 10 7 13 11 3 8 14 9 15 12
1 1 1 0 2 4 5 6 10 7 13 11 3 8 14 9 15 12
2 1 1 2 0 4 5 6 10 7 13 11 3 8 14 9 15 12
10 1 1 2 10 4 5 6 0 7 13 11 3 8 14 9 15 12
7 1 1 2 10 4 5 6 7 0 13 11 3 8 14 9 15 12
8 1 1 2 10 4 5 6 7 8 13 11 3 0 14 9 15 12
12 1 1 2 10 4 5 6 7 8 13 11 3 12 14 9 15 0
14 2 1 2 10 4 5 6 7 8 13 11 3 12 0 9 15 14
13 1 1 2 10 4 5 6 7 8 0 11 3 12 13 9 15 14
9 3 1 2 10 4 5 6 7 8 9 11 3 12 13 0 15 14
3 3 1 2 10 4 5 6 7 8 9 11 0 12 13 3 15 14
15 1 1 2 10 4 5 6 7 8 9 11 15 12 13 3 0 14
14 1 1 2 10 4 5 6 7 8 9 11 15 12 13 3 14 0
15 3 1 2 10 4 5 6 7 8 9 11 0 12 13 3 14 15
11 1 1 2 10 4 5 6 7 8 9 0 11 12 13 3 14 15
3 1 1 2 10 4 5 6 7 8 9 3 11 12 13 0 14 15
14 1 1 2 10 4 5 6 7 8 9 3 11 12 13 14 0 15
10 2 1 2 0 4 5 6 7 8 9 3 11 12 13 14 10 15
6 3 1 2 6 4 5 0 7 8 9 3 11 12 13 14 10 15
3 1 1 2 6 4 5 3 7 8 9 0 11 12 13 14 10 15
10 3 1 2 6 4 5 3 7 8 9 10 11 12 13 14 0 15
6 2 1 2 0 4 5 3 7 8 9 10 11 12 13 14 6 15
3 3 1 2 3 4 5 0 7 8 9 10 11 12 13 14 6 15
11 3 1 2 3 4 5 11 7 8 9 10 0 12 13 14 6 15
6 1 1 2 3 4 5 11 7 8 9 10 6 12 13 14 0 15
15 1 1 2 3 4 5 11 7 8 9 10 6 12 13 14 15 0
6 3 1 2 3 4 5 11 7 8 9 10 0 12 13 14 15 6
11 3 1 2 3 4 5 0 7 8 9 10 11 12 13 14 15 6
1 3 0 2 3 4 5 1 7 8 9 10 11 12 13 14 15 6
4 2 4 2 3 0 5 1 7 8 9 10 11 12 13 14 15 6
6 2 4 2 3 6 5 1 7 8 9 10 11 12 13 14 15 0
4 3 0 2 3 6 5 1 7 8 9 10 11 12 13 14 15 4
1 3 1 2 3 6 5 0 7 8 9 10 11 12 13 14 15 4
7 1 1 2 3 6 5 7 0 8 9 10 11 12 13 14 15 4
6 3 1 2 3 0 5 7 6 8 9 10 11 12 13 14 15 4
4 2 1 2 3 4 5 7 6 8 9 10 11 12 13 14 15 0
11 3 1 2 3 4 5 7 6 8 9 10 0 12 13 14 15 11
6 1 1 2 3 4 5 7 0 8 9 10 6 12 13 14 15 11
7 1 1 2 3 4 5 0 7 8 9 10 6 12 13 14 15 11
6 3 1 2 3 4 5 6 7 8 9 10 0 12 13 14 15 11
11 3 1 2 3 4 5 6 7 8 9 10 11 12 13 14 15 0

80 1.3435497283935547