0 0 6 3 7 4 2 9 10 8 1 5 12 15 13 0 14 11
13 1 6 3 7 4 2 9 10 8 1 5 12 15 0 13 14 11
11 2 6 3 7 4 2 9 10 8 1 5 12 15 11 13 14 0
15 1 6 3 7 4 2 9 10 8 1 5 12 0 11 13 14 15
12 1 6 3 7 4 2 9 10 8 1 5 0 12 11 13 14 15
10 1 6 3 7 4 2 9 0 8 1 5 10 12 11 13 14 15
7 1 6 3 0 4 2 9 7 8 1 5 10 12 11 13 14 15
3 1 6 0 3 4 2 9 7 8 1 5 10 12 11 13 14 15
6 1 0 6 3 4 2 9 7 8 1 5 10 12 11 13 14 15
2 1 2 6 3 4 0 9 7 8 1 5 10 12 11 13 14 15
1 1 2 6 3 4 1 9 7 8 0 5 10 12 11 13 14 15
5 1 2 6 3 4 1 9 7 8 5 0 10 12 11 13 14 15
9 1 2 6 3 4 1 0 7 8 5 9 10 12 11 13 14 15
6 1 2 0 3 4 1 6 7 8 5 9 10 12 11 13 14 15
2 1 0 2 3 4 1 6 7 8 5 9 10 12 11 13 14 15
1 1 1 2 3 4 0 6 7 8 5 9 10 12 11 13 14 15
5 1 1 2 3 4 5 6 7 8 0 9 10 12 11 13 14 15
9 1 1 2 3 4 5 6 7 8 9 0 10 12 11 13 14 15
11 3 1 2 3 4 5 6 7 8 9 11 10 12 0 13 14 15
13 1 1 2 3 4 5 6 7 8 9 11 10 12 13 0 14 15
11 1 1 2 3 4 5 6 7 8 9 0 10 12 13 11 14 15
10 1 1 2 3 4 5 6 7 8 9 10 0 12 13 11 14 15
11 3 1 2 3 4 5 6 7 8 9 10 11 12 13 0 14 15
14 1 1 2 3 4 5 6 7 8 9 10 11 12 13 14 0 15
15 1 1 2 3 4 5 6 7 8 9 10 11 12 13 14 15 0

29 504.20623445510864