0 0 6 3 7 4 2 9 10 8 1 5 12 15 13 0 14 11
14 1 6 3 7 4 2 9 10 8 1 5 12 15 13 14 0 11
15 3 6 3 7 4 2 9 10 8 1 5 12 0 13 14 15 11
12 1 6 3 7 4 2 9 10 8 1 5 0 12 13 14 15 11
11 3 6 3 7 4 2 9 10 8 1 5 11 12 13 14 15 0
6 3 0 3 7 4 2 9 10 8 1 5 11 12 13 14 15 6
3 1 3 0 7 4 2 9 10 8 1 5 11 12 13 14 15 6
2 3 3 2 7 4 0 9 10 8 1 5 11 12 13 14 15 6
5 3 3 2 7 4 5 9 10 8 1 0 11 12 13 14 15 6
10 3 3 2 7 4 5 9 0 8 1 10 11 12 13 14 15 6
7 1 3 2 0 4 5 9 7 8 1 10 11 12 13 14 15 6
9 3 3 2 9 4 5 0 7 8 1 10 11 12 13 14 15 6
3 3 0 2 9 4 5 3 7 8 1 10 11 12 13 14 15 6
2 1 2 0 9 4 5 3 7 8 1 10 11 12 13 14 15 6
9 1 2 9 0 4 5 3 7 8 1 10 11 12 13 14 15 6
3 3 2 9 3 4 5 0 7 8 1 10 11 12 13 14 15 6
9 1 2 0 3 4 5 9 7 8 1 10 11 12 13 14 15 6
2 1 0 2 3 4 5 9 7 8 1 10 11 12 13 14 15 6
5 1 5 2 3 4 0 9 7 8 1 10 11 12 13 14 15 6
1 1 5 2 3 4 1 9 7 8 0 10 11 12 13 14 15 6
9 3 5 2 3 4 1 0 7 8 9 10 11 12 13 14 15 6
1 1 5 2 3 4 0 1 7 8 9 10 11 12 13 14 15 6
5 1 0 2 3 4 5 1 7 8 9 10 11 12 13 14 15 6
4 2 4 2 3 0 5 1 7 8 9 10 11 12 13 14 15 6
6 2 4 2 3 6 5 1 7 8 9 10 11 12 13 14 15 0
4 3 0 2 3 6 5 1 7 8 9 10 11 12 13 14 15 4
1 3 1 2 3 6 5 0 7 8 9 10 11 12 13 14 15 4
7 1 1 2 3 6 5 7 0 8 9 10 11 12 13 14 15 4
6 3 1 2 3 0 5 7 6 8 9 10 11 12 13 14 15 4
4 2 1 2 3 4 5 7 6 8 9 10 11 12 13 14 15 0
11 3 1 2 3 4 5 7 6 8 9 10 0 12 13 14 15 11
6 1 1 2 3 4 5 7 0 8 9 10 6 12 13 14 15 11
7 1 1 2 3 4 5 0 7 8 9 10 6 12 13 14 15 11
6 3 1 2 3 4 5 6 7 8 9 10 0 12 13 14 15 11
11 3 1 2 3 4 5 6 7 8 9 10 11 12 13 14 15 0

69 1.208678960800171