28 0 28 6 3 7 4 2 9 10 8 1 5 12 15 13 0 14 11
27 0 27 6 3 7 4 2 9 10 8 1 5 12 15 0 13 14 11
21 0 21 6 3 7 0 2 9 10 8 1 5 12 15 4 13 14 11
21 0 21 6 3 7 8 2 9 10 0 1 5 12 15 4 13 14 11
21 0 21 6 3 7 11 2 9 10 8 1 5 12 15 4 13 14 0
20 0 20 6 3 7 11 2 9 10 8 1 5 12 15 4 13 0 14
17 0 17 6 3 7 11 2 9 10 8 1 5 12 15 4 0 13 14
17 0 17 6 3 7 11 2 9 10 8 1 0 12 15 4 5 13 14
17 0 17 6 3 7 11 2 0 10 8 1 9 12 15 4 5 13 14
13 0 13 0 3 7 11 2 6 10 8 1 9 12 15 4 5 13 14
13 0 13 2 3 7 11 0 6 10 8 1 9 12 15 4 5 13 14
13 0 13 2 3 7 11 1 6 10 8 0 9 12 15 4 5 13 14
13 0 13 2 0 7 11 3 6 10 8 1 9 12 15 4 5 13 14
11 0 11 2 5 7 11 3 6 10 8 1 9 12 15 4 0 13 14
11 0 11 2 5 7 11 3 6 10 8 1 0 12 15 4 9 13 14
11 0 11 2 5 7 11 3 0 10 8 1 6 12 15 4 9 13 14
11 0 11 2 0 7 11 3 5 10 8 1 6 12 15 4 9 13 14
11 0 11 2 5 0 11 3 7 10 8 1 6 12 15 4 9 13 14
7 0 7 2 5 8 11 3 7 10 0 1 6 12 15 4 9 13 14
7 0 7 2 5 8 0 3 7 10 11 1 6 12 15 4 9 13 14
7 0 7 2 5 8 11 3 7 10 15 1 6 12 0 4 9 13 14
7 0 7 2 5 8 11 3 7 10 12 1 6 0 15 4 9 13 14
7 0 7 2 5 8 14 3 7 10 11 1 6 12 15 4 9 13 0
7 0 7 2 5 8 11 3 7 0 12 1 6 10 15 4 9 13 14
7 0 7 2 5 8 11 3 7 10 12 1 6 13 15 4 9 0 14
7 0 7 2 5 8 11 3 7 10 12 1 6 9 15 4 0 13 14
7 0 7 2 5 8 14 3 7 10 11 1 6 12 0 4 9 13 15
7 0 7 2 5 0 11 3 7 8 12 1 6 10 15 4 9 13 14
7 0 7 2 5 8 11 3 7 10 12 1 0 9 15 4 6 13 14
7 0 7 2 5 8 14 3 7 10 0 1 6 12 11 4 9 13 15
7 0 7 2 5 8 14 3 7 10 11 1 6 12 13 4 9 0 15
7 0 7 2 5 7 11 3 0 8 12 1 6 10 15 4 9 13 14
7 0 7 2 5 8 0 3 7 11 12 1 6 10 15 4 9 13 14
7 0 7 2 5 8 11 3 7 10 15 1 6 12 14 4 9 13 0
7 0 7 2 5 8 11 3 7 10 15 1 6 12 13 4 9 0 14
7 0 7 2 5 8 11 3 0 10 12 1 7 9 15 4 6 13 14
7 0 7 2 5 8 12 3 7 11 0 1 6 10 15 4 9 13 14
7 0 7 2 5 8 14 3 7 11 12 1 6 10 15 4 9 13 0
7 0 7 2 0 8 11 3 5 10 12 1 7 9 15 4 6 13 14
7 0 7 2 5 8 12 3 7 11 15 1 6 10 0 4 9 13 14
7 0 7 2 5 8 14 3 7 11 12 1 6 10 0 4 9 13 15
7 0 7 2 6 8 11 3 5 10 12 1 7 9 15 4 0 13 14
7 0 7 2 3 8 11 0 5 10 12 1 7 9 15 4 6 13 14
7 0 7 2 5 8 12 3 7 11 15 1 6 10 14 4 9 13 0
7 0 7 2 5 8 12 3 7 11 15 1 6 10 13 4 9 0 14
7 0 7 2 5 8 14 3 7 11 12 1 6 10 13 4 9 0 15
7 0 7 2 5 8 12 3 7 11 15 1 6 0 13 4 9 10 14
7 0 7 2 5 8 14 3 7 11 12 1 6 0 13 4 9 10 15
7 0 7 2 5 8 12 3 7 0 15 1 6 11 13 4 9 10 14
7 0 7 2 5 8 12 3 7 11 15 1 6 9 13 4 0 10 14
7 0 7 2 5 8 14 3 7 0 12 1 6 11 13 4 9 10 15
7 0 7 2 5 8 14 3 7 11 0 1 6 12 13 4 9 10 15
7 0 7 2 5 8 12 3 7 11 15 1 0 9 13 4 6 10 14
7 0 7 2 5 0 14 3 7 8 12 1 6 11 13 4 9 10 15
7 0 7 2 5 8 0 3 7 11 14 1 6 12 13 4 9 10 15
7 0 7 2 5 8 14 3 7 11 13 1 6 12 0 4 9 10 15
7 0 7 2 5 8 12 3 0 11 15 1 7 9 13 4 6 10 14
7 0 7 2 5 10 14 3 7 8 12 1 6 11 13 4 9 0 15
7 0 7 2 5 7 14 3 0 8 12 1 6 11 13 4 9 10 15
7 0 7 2 5 8 11 3 7 0 14 1 6 12 13 4 9 10 15
7 0 7 2 5 8 14 3 7 11 13 1 6 12 15 4 9 10 0
7 0 7 2 5 8 14 3 7 11 12 1 6 9 13 4 0 10 15
7 0 7 2 5 0 12 3 7 8 15 1 6 11 13 4 9 10 14
7 0 7 2 6 8 11 3 5 10 12 1 0 9 15 4 7 13 14
7 0 7 2 6 8 11 3 5 10 12 1 7 0 15 4 9 13 14
7 0 7 0 3 8 11 2 5 10 12 1 7 9 15 4 6 13 14
7 0 7 2 3 8 11 1 5 10 12 0 7 9 15 4 6 13 14
7 0 7 2 5 8 14 3 7 11 0 1 6 10 12 4 9 13 15
7 0 7 2 5 8 11 3 7 10 15 1 6 0 13 4 9 12 14
7 0 7 2 5 7 12 3 0 8 15 1 6 11 13 4 9 10 14
7 0 7 2 6 8 11 3 0 10 12 1 5 9 15 4 7 13 14
7 0 7 2 3 8 11 1 5 10 12 4 7 9 15 0 6 13 14
7 0 7 2 0 7 12 3 5 8 15 1 6 11 13 4 9 10 14
7 0 7 2 5 7 12 3 6 8 15 1 0 11 13 4 9 10 14
7 0 7 2 0 8 11 3 6 10 12 1 5 9 15 4 7 13 14
7 0 7 0 3 8 11 1 5 10 12 4 7 9 15 2 6 13 14
7 0 7 2 3 7 12 0 5 8 15 1 6 11 13 4 9 10 14
7 0 7 2 5 7 12 3 6 8 15 1 9 11 13 4 0 10 14
7 0 7 2 5 7 12 3 6 0 15 1 8 11 13 4 9 10 14
7 0 7 2 3 8 11 0 6 10 12 1 5 9 15 4 7 13 14
7 0 7 0 3 7 12 2 5 8 15 1 6 11 13 4 9 10 14
7 0 7 2 3 7 12 1 5 8 15 0 6 11 13 4 9 10 14
7 0 7 2 5 0 12 3 6 7 15 1 8 11 13 4 9 10 14
7 0 7 2 5 7 12 3 6 11 15 1 8 0 13 4 9 10 14
7 0 7 2 3 8 11 1 6 10 12 0 5 9 15 4 7 13 14
7 0 7 2 5 7 12 3 6 11 15 1 8 10 13 4 9 0 14
7 0 7 2 5 7 12 3 6 11 15 1 8 9 13 4 0 10 14
7 0 7 2 3 8 11 1 6 10 12 4 5 9 15 0 7 13 14
7 0 7 2 5 7 12 3 6 11 15 1 8 10 0 4 9 13 14
7 0 7 2 5 7 12 3 6 11 15 1 0 9 13 4 8 10 14
7 0 7 0 3 8 11 1 6 10 12 4 5 9 15 2 7 13 14
7 0 7 2 3 8 11 1 6 10 12 4 0 9 15 5 7 13 14
7 0 7 2 5 7 12 3 6 11 0 1 8 10 15 4 9 13 14
7 0 7 2 5 7 12 3 6 11 15 1 8 10 14 4 9 13 0
7 0 7 2 5 7 12 3 0 11 15 1 6 9 13 4 8 10 14
7 0 7 2 3 8 11 1 0 10 12 4 6 9 15 5 7 13 14
7 0 7 2 3 8 11 1 6 10 12 4 7 9 15 5 0 13 14
7 0 7 2 5 7 0 3 6 11 12 1 8 10 15 4 9 13 14
7 0 7 2 0 7 12 3 5 11 15 1 6 9 13 4 8 10 14
7 0 7 2 5 0 12 3 7 11 15 1 6 9 13 4 8 10 14
7 0 7 2 5 7 14 3 6 11 12 1 8 10 15 4 9 13 0
7 0 7 2 5 7 11 3 6 0 12 1 8 10 15 4 9 13 14
7 0 7 2 3 7 12 0 5 11 15 1 6 9 13 4 8 10 14
7 0 7 2 5 11 12 3 7 0 15 1 6 9 13 4 8 10 14
7 0 7 2 5 10 12 3 7 11 15 1 6 9 13 4 8 0 14
7 0 7 2 5 7 14 3 6 11 12 1 8 10 0 4 9 13 15
7 0 7 2 5 0 11 3 6 7 12 1 8 10 15 4 9 13 14
7 0 7 2 5 7 11 3 6 10 12 1 8 0 15 4 9 13 14
7 0 7 2 5 10 12 3 7 11 15 1 6 0 13 4 8 9 14
7 0 7 2 5 10 12 3 7 11 15 1 6 9 0 4 8 13 14
7 0 7 2 5 7 14 3 6 11 0 1 8 10 12 4 9 13 15
7 0 7 2 5 7 14 3 6 11 12 1 8 10 13 4 9 0 15
7 0 7 2 5 7 11 3 6 10 12 1 8 9 15 4 0 13 14
7 0 7 2 5 10 12 3 7 0 15 1 6 11 13 4 8 9 14
7 0 7 2 5 10 12 3 7 11 0 1 6 9 15 4 8 13 14
7 0 7 2 5 10 12 3 7 11 15 1 6 9 14 4 8 13 0
7 0 7 2 5 7 0 3 6 11 14 1 8 10 12 4 9 13 15
7 0 7 2 5 7 11 3 6 10 12 1 8 13 15 4 9 0 14
7 0 7 2 5 7 11 3 6 10 0 1 8 12 15 4 9 13 14
7 0 7 0 3 7 12 2 5 11 15 1 6 9 13 4 8 10 14
7 0 7 2 5 11 12 3 7 9 15 1 6 0 13 4 8 10 14
7 0 7 2 3 7 12 1 5 11 15 0 6 9 13 4 8 10 14
7 0 7 2 0 8 11 1 3 10 12 4 6 9 15 5 7 13 14
7 0 7 2 3 8 11 1 4 10 12 0 6 9 15 5 7 13 14
7 0 7 2 3 8 11 1 6 10 12 4 7 0 15 5 9 13 14
7 0 7 1 3 8 11 0 6 10 12 4 5 9 15 2 7 13 14
7 0 7 0 3 8 11 2 6 10 12 1 5 9 15 4 7 13 14
7 0 7 2 3 7 12 1 5 8 15 4 6 11 13 0 9 10 14
7 0 7 2 5 10 12 3 6 7 15 1 8 11 13 4 9 0 14
7 0 7 1 3 8 11 0 5 10 12 4 7 9 15 2 6 13 14
7 0 7 2 5 8 0 3 7 11 14 1 6 10 12 4 9 13 15
7 0 7 2 5 8 11 3 7 0 15 1 6 10 13 4 9 12 14
7 0 7 2 5 8 11 3 7 10 15 1 6 9 13 4 0 12 14
7 0 7 2 6 8 11 3 5 0 12 1 7 10 15 4 9 13 14
7 0 7 2 6 8 11 3 5 10 12 1 7 13 15 4 9 0 14
7 0 7 2 6 8 11 3 5 10 0 1 7 12 15 4 9 13 14
7 0 7 1 0 8 11 3 5 10 12 4 7 9 15 2 6 13 14
7 0 7 2 5 8 11 3 7 0 14 1 6 10 12 4 9 13 15
7 0 7 2 6 0 11 3 5 8 12 1 7 10 15 4 9 13 14
7 0 7 2 6 8 0 3 5 11 12 1 7 10 15 4 9 13 14
7 0 7 2 6 8 0 3 5 10 11 1 7 12 15 4 9 13 14
7 0 7 2 6 8 11 3 5 10 15 1 7 12 0 4 9 13 14
7 0 7 1 6 8 11 3 5 10 12 4 7 9 15 2 0 13 14
7 0 7 2 6 8 14 3 5 10 11 1 7 12 15 4 9 13 0
7 0 7 2 6 8 11 3 5 10 15 1 7 12 14 4 9 13 0
7 0 7 2 6 8 11 3 5 10 15 1 7 12 13 4 9 0 14
7 0 7 1 6 8 11 3 5 10 12 4 0 9 15 2 7 13 14
7 0 7 1 6 8 11 3 5 10 12 4 7 0 15 2 9 13 14
7 0 7 2 6 8 14 3 5 10 11 1 7 12 0 4 9 13 15
7 0 7 2 6 8 11 3 5 10 15 1 7 0 13 4 9 12 14
7 0 7 1 6 8 11 3 0 10 12 4 5 9 15 2 7 13 14
7 0 7 1 6 8 11 3 5 0 12 4 7 10 15 2 9 13 14
7 0 7 1 6 8 11 3 5 10 12 4 7 13 15 2 9 0 14
7 0 7 1 6 8 11 3 5 10 0 4 7 12 15 2 9 13 14
7 0 7 2 6 8 14 3 5 10 0 1 7 12 11 4 9 13 15
7 0 7 2 6 8 14 3 5 10 11 1 7 12 13 4 9 0 15
7 0 7 1 6 8 11 3 4 10 12 0 5 9 15 2 7 13 14
7 0 7 1 6 0 11 3 5 8 12 4 7 10 15 2 9 13 14
7 0 7 2 6 8 0 3 5 10 14 1 7 12 11 4 9 13 15
7 0 7 2 6 8 14 3 5 10 11 1 7 0 13 4 9 12 15
5 0 5 2 6 8 14 3 5 10 0 1 7 11 13 4 9 12 15
5 0 5 2 6 8 0 3 5 10 14 1 7 11 13 4 9 12 15
5 0 5 2 6 8 14 3 5 10 13 1 7 11 0 4 9 12 15
5 0 5 2 6 8 14 3 5 10 13 1 7 11 15 4 9 12 0
5 0 5 2 6 8 0 3 5 10 13 1 7 11 15 4 9 12 14
5 0 5 2 6 8 13 3 5 10 0 1 7 11 15 4 9 12 14
5 0 5 2 6 8 13 3 5 10 15 1 7 11 0 4 9 12 14
5 0 5 2 6 8 13 3 5 10 15 1 7 11 14 4 9 12 0
7 0 7 1 6 8 11 0 4 10 12 3 5 9 15 2 7 13 14
7 0 7 1 6 8 11 3 4 10 12 2 5 9 15 0 7 13 14
7 0 7 1 6 8 0 3 5 11 12 4 7 10 15 2 9 13 14
7 0 7 1 6 8 11 3 4 10 12 2 0 9 15 5 7 13 14
7 0 7 1 6 8 12 3 5 11 0 4 7 10 15 2 9 13 14
7 0 7 1 6 8 14 3 5 11 12 4 7 10 15 2 9 13 0
7 0 7 1 6 8 11 3 0 10 12 2 4 9 15 5 7 13 14
7 0 7 1 6 8 11 3 4 10 12 2 7 9 15 5 0 13 14
7 0 7 1 6 8 12 3 5 11 15 4 7 10 0 2 9 13 14
7 0 7 1 6 8 14 3 5 11 12 4 7 10 0 2 9 13 15
7 0 7 1 0 8 11 3 6 10 12 2 4 9 15 5 7 13 14
7 0 7 1 0 8 11 3 4 10 12 2 7 9 15 5 6 13 14
7 0 7 1 6 8 11 3 4 10 12 2 7 0 15 5 9 13 14
7 0 7 1 6 8 12 3 5 11 15 4 7 10 13 2 9 0 14
7 0 7 1 6 8 14 3 5 11 0 4 7 10 12 2 9 13 15
7 0 7 1 6 8 14 3 5 11 12 4 7 10 13 2 9 0 15
7 0 7 1 3 8 11 0 6 10 12 2 4 9 15 5 7 13 14
7 0 7 1 4 8 11 3 0 10 12 2 7 9 15 5 6 13 14
7 0 7 1 6 8 11 3 4 0 12 2 7 10 15 5 9 13 14
7 0 7 1 6 8 11 3 4 10 12 2 7 13 15 5 9 0 14
7 0 7 0 3 8 11 1 6 10 12 2 4 9 15 5 7 13 14
7 0 7 1 3 8 11 2 6 10 12 0 4 9 15 5 7 13 14
6 0 6 1 3 8 11 2 6 10 12 4 0 9 15 5 7 13 14
6 0 6 1 3 8 11 2 0 10 12 4 6 9 15 5 7 13 14
6 0 6 1 3 8 11 2 6 10 12 4 7 9 15 5 0 13 14
6 0 6 1 3 8 11 2 6 10 12 4 5 9 15 0 7 13 14
6 0 6 1 0 8 11 2 3 10 12 4 6 9 15 5 7 13 14
6 0 6 1 3 8 11 2 4 10 12 0 6 9 15 5 7 13 14
6 0 6 1 3 8 11 2 6 10 12 4 7 0 15 5 9 13 14
6 0 6 1 3 8 11 2 6 10 12 0 5 9 15 4 7 13 14
6 0 6 1 3 8 11 0 4 10 12 2 6 9 15 5 7 13 14
6 0 6 1 3 8 11 2 4 10 12 5 6 9 15 0 7 13 14
6 0 6 1 3 8 11 2 6 0 12 4 7 10 15 5 9 13 14
6 0 6 0 3 8 11 1 4 10 12 2 6 9 15 5 7 13 14
6 0 6 1 0 8 11 3 4 10 12 2 6 9 15 5 7 13 14
6 0 6 1 3 0 11 2 6 8 12 4 7 10 15 5 9 13 14
6 0 6 1 3 8 0 2 6 11 12 4 7 10 15 5 9 13 14
6 0 6 1 4 8 11 3 0 10 12 2 6 9 15 5 7 13 14
6 0 6 1 3 8 11 2 6 10 12 4 7 13 15 5 9 0 14
6 0 6 1 3 8 12 2 6 11 0 4 7 10 15 5 9 13 14
6 0 6 1 3 8 14 2 6 11 12 4 7 10 15 5 9 13 0
6 0 6 1 4 8 11 3 6 10 12 2 0 9 15 5 7 13 14
6 0 6 1 3 8 12 2 6 11 15 4 7 10 0 5 9 13 14
6 0 6 1 3 8 14 2 6 11 12 4 7 10 0 5 9 13 15
6 0 6 1 4 8 11 3 6 10 12 2 7 9 15 5 0 13 14
6 0 6 1 4 8 11 3 6 10 12 2 5 9 15 0 7 13 14
6 0 6 1 3 8 12 2 6 11 15 4 7 10 14 5 9 13 0
6 0 6 1 3 8 14 2 6 11 12 4 7 10 13 5 9 0 15
6 0 6 1 4 8 11 3 6 10 12 2 7 0 15 5 9 13 14
6 0 6 1 4 8 11 3 6 10 12 0 5 9 15 2 7 13 14
6 0 6 1 3 8 12 2 6 11 15 4 7 10 13 5 9 0 14
6 0 6 1 3 8 14 2 6 11 12 4 7 0 13 5 9 10 15
6 0 6 1 4 8 11 3 6 0 12 2 7 10 15 5 9 13 14
6 0 6 1 4 8 11 3 6 10 12 2 7 13 15 5 9 0 14
6 0 6 1 4 8 11 3 6 10 0 2 7 12 15 5 9 13 14
6 0 6 1 4 8 11 0 6 10 12 3 5 9 15 2 7 13 14
6 0 6 1 3 8 14 2 6 0 12 4 7 11 13 5 9 10 15
6 0 6 1 3 8 14 2 6 11 0 4 7 12 13 5 9 10 15
6 0 6 1 3 8 14 2 6 11 12 4 7 9 13 5 0 10 15
6 0 6 1 4 0 11 3 6 8 12 2 7 10 15 5 9 13 14
6 0 6 1 4 8 11 3 6 10 15 2 7 12 0 5 9 13 14
6 0 6 0 4 8 11 1 6 10 12 3 5 9 15 2 7 13 14
6 0 6 1 3 0 14 2 6 8 12 4 7 11 13 5 9 10 15
6 0 6 1 3 8 0 2 6 11 14 4 7 12 13 5 9 10 15
6 0 6 1 3 8 14 2 6 11 13 4 7 12 0 5 9 10 15
6 0 6 1 4 8 0 3 6 11 12 2 7 10 15 5 9 13 14
6 0 6 1 4 8 0 3 6 10 11 2 7 12 15 5 9 13 14
6 0 6 1 3 8 12 2 6 11 15 4 7 0 13 5 9 10 14
6 0 6 1 3 8 14 2 6 11 0 4 7 10 12 5 9 13 15
6 0 6 1 3 8 11 2 6 10 0 4 7 12 15 5 9 13 14
6 0 6 1 3 8 11 0 6 10 12 2 5 9 15 4 7 13 14
6 0 6 1 3 8 14 2 6 11 12 4 0 9 13 5 7 10 15
6 0 6 1 4 8 11 3 6 10 15 2 7 12 14 5 9 13 0
6 0 6 1 4 8 11 3 6 10 15 2 7 12 13 5 9 0 14
6 0 6 2 4 8 11 1 6 10 12 3 5 9 15 0 7 13 14
6 0 6 1 4 8 14 3 6 10 11 2 7 12 15 5 9 13 0
6 0 6 1 3 8 11 2 6 10 15 4 7 12 0 5 9 13 14
6 0 6 0 3 8 11 1 6 10 12 2 5 9 15 4 7 13 14
6 0 6 1 4 8 11 3 6 10 15 2 7 0 13 5 9 12 14
6 0 6 2 4 8 11 1 6 10 12 0 5 9 15 3 7 13 14
6 0 6 2 4 8 11 1 6 10 12 3 0 9 15 5 7 13 14
6 0 6 1 4 8 14 3 6 10 11 2 7 12 0 5 9 13 15
6 0 6 1 3 8 11 2 6 10 15 4 7 12 14 5 9 13 0
6 0 6 1 3 8 11 2 6 10 15 4 7 12 13 5 9 0 14
6 0 6 1 4 8 11 3 6 0 15 2 7 10 13 5 9 12 14
6 0 6 1 4 8 11 3 6 10 15 2 7 9 13 5 0 12 14
6 0 6 2 4 8 11 1 0 10 12 3 6 9 15 5 7 13 14
6 0 6 2 4 8 11 1 6 10 12 3 7 9 15 5 0 13 14
6 0 6 1 4 8 14 3 6 10 0 2 7 12 11 5 9 13 15
6 0 6 1 4 8 14 3 6 10 11 2 7 12 13 5 9 0 15
6 0 6 1 3 8 11 2 6 10 15 4 7 0 13 5 9 12 14
6 0 6 2 4 8 11 1 6 10 12 3 7 0 15 5 9 13 14
6 0 6 1 4 8 0 3 6 10 14 2 7 12 11 5 9 13 15
6 0 6 1 4 8 14 3 6 10 11 2 7 0 13 5 9 12 15
4 0 4 1 4 8 14 3 6 10 0 2 7 11 13 5 9 12 15
4 0 4 1 4 8 0 3 6 10 14 2 7 11 13 5 9 12 15
4 0 4 1 4 8 14 3 6 10 13 2 7 11 0 5 9 12 15
4 0 4 1 4 8 14 3 6 10 13 2 7 11 15 5 9 12 0
4 0 4 1 4 8 0 3 6 10 13 2 7 11 15 5 9 12 14
4 0 4 1 4 8 13 3 6 10 0 2 7 11 15 5 9 12 14
4 0 4 1 4 8 13 3 6 10 15 2 7 11 0 5 9 12 14
4 0 4 1 4 8 13 3 6 10 15 2 7 11 14 5 9 12 0
6 0 6 1 3 8 11 2 6 0 15 4 7 10 13 5 9 12 14
6 0 6 1 3 8 11 2 6 10 15 4 7 9 13 5 0 12 14
6 0 6 2 4 8 11 1 6 0 12 3 7 10 15 5 9 13 14
6 0 6 2 4 8 11 1 6 10 12 3 7 13 15 5 9 0 14
6 0 6 1 4 8 0 3 6 10 15 2 7 11 14 5 9 12 13
6 0 6 1 3 0 11 2 6 8 15 4 7 10 13 5 9 12 14
6 0 6 1 3 8 0 2 6 11 15 4 7 10 13 5 9 12 14
6 0 6 1 3 8 11 2 6 10 15 4 0 9 13 5 7 12 14
6 0 6 2 4 0 11 1 6 8 12 3 7 10 15 5 9 13 14
6 0 6 2 4 8 0 1 6 11 12 3 7 10 15 5 9 13 14
6 0 6 1 4 8 15 3 6 10 0 2 7 11 14 5 9 12 13
6 0 6 1 3 8 15 2 6 11 0 4 7 10 13 5 9 12 14
6 0 6 1 3 8 14 2 6 11 15 4 7 10 13 5 9 12 0
6 0 6 1 3 8 11 2 0 10 15 4 6 9 13 5 7 12 14
6 0 6 1 3 8 11 2 6 10 15 4 5 9 13 0 7 12 14
6 0 6 2 4 8 12 1 6 11 0 3 7 10 15 5 9 13 14
6 0 6 1 3 8 11 2 4 10 15 0 6 9 13 5 7 12 14
6 0 6 1 3 8 11 2 6 10 15 0 5 9 13 4 7 12 14
6 0 6 2 4 8 12 1 6 11 15 3 7 10 0 5 9 13 14
6 0 6 1 3 8 11 0 4 10 15 2 6 9 13 5 7 12 14
6 0 6 1 3 8 11 2 4 10 15 5 6 9 13 0 7 12 14
6 0 6 1 3 8 11 0 6 10 15 2 5 9 13 4 7 12 14
6 0 6 2 4 8 12 1 6 11 15 3 7 10 14 5 9 13 0
6 0 6 2 4 8 12 1 6 11 15 3 7 10 13 5 9 0 14
6 0 6 0 3 8 11 1 4 10 15 2 6 9 13 5 7 12 14
6 0 6 1 0 8 11 3 4 10 15 2 6 9 13 5 7 12 14
6 0 6 0 3 8 11 1 6 10 15 2 5 9 13 4 7 12 14
6 0 6 1 0 8 11 3 6 10 15 2 5 9 13 4 7 12 14
6 0 6 2 4 8 12 1 6 11 15 3 7 0 13 5 9 10 14
6 0 6 1 4 8 11 3 0 10 15 2 6 9 13 5 7 12 14
6 0 6 1 6 8 11 3 0 10 15 2 5 9 13 4 7 12 14
6 0 6 2 4 8 12 1 6 0 15 3 7 11 13 5 9 10 14
6 0 6 2 4 8 12 1 6 11 15 3 7 9 13 5 0 10 14
6 0 6 1 6 8 11 3 5 10 15 2 0 9 13 4 7 12 14
6 0 6 2 4 0 12 1 6 8 15 3 7 11 13 5 9 10 14
6 0 6 2 4 8 12 1 6 11 15 3 0 9 13 5 7 10 14
6 0 6 1 6 8 11 3 5 10 15 2 7 9 13 4 0 12 14
6 0 6 2 4 10 12 1 6 8 15 3 7 11 13 5 9 0 14
6 0 6 2 4 8 12 1 0 11 15 3 6 9 13 5 7 10 14
6 0 6 2 4 8 12 1 6 11 15 3 5 9 13 0 7 10 14
6 0 6 1 0 8 11 3 5 10 15 2 7 9 13 4 6 12 14
6 0 6 1 6 8 11 3 5 10 15 2 7 0 13 4 9 12 14
6 0 6 2 4 10 12 1 6 8 15 3 7 0 13 5 9 11 14
6 0 6 2 4 10 12 1 6 8 15 3 7 11 0 5 9 13 14
6 0 6 2 0 8 12 1 4 11 15 3 6 9 13 5 7 10 14
6 0 6 2 4 8 12 1 6 11 15 0 5 9 13 3 7 10 14
6 0 6 2 4 10 12 1 6 0 15 3 7 8 13 5 9 11 14
6 0 6 2 4 10 12 1 6 8 15 3 7 9 13 5 0 11 14
6 0 6 2 4 10 12 1 6 8 0 3 7 11 15 5 9 13 14
6 0 6 2 4 10 12 1 6 8 15 3 7 11 14 5 9 13 0
6 0 6 2 4 8 12 0 6 11 15 1 5 9 13 3 7 10 14
6 0 6 2 4 0 12 1 6 10 15 3 7 8 13 5 9 11 14
6 0 6 2 4 10 12 1 6 8 15 3 0 9 13 5 7 11 14
6 0 6 2 4 10 0 1 6 8 12 3 7 11 15 5 9 13 14
6 0 6 0 4 8 12 2 6 11 15 1 5 9 13 3 7 10 14
6 0 6 0 4 8 12 1 6 11 15 3 5 9 13 2 7 10 14
6 0 6 2 4 10 12 1 0 8 15 3 6 9 13 5 7 11 14
6 0 6 2 4 10 12 1 6 0 15 3 8 9 13 5 7 11 14
6 0 6 2 4 10 12 1 6 8 15 3 5 9 13 0 7 11 14
6 0 6 2 4 10 14 1 6 8 12 3 7 11 15 5 9 13 0
6 0 6 1 4 8 12 0 6 11 15 3 5 9 13 2 7 10 14
6 0 6 2 0 10 12 1 4 8 15 3 6 9 13 5 7 11 14
6 0 6 2 4 0 12 1 6 10 15 3 8 9 13 5 7 11 14
6 0 6 2 4 10 12 1 6 9 15 3 8 0 13 5 7 11 14
6 0 6 2 4 10 12 1 6 8 15 0 5 9 13 3 7 11 14
6 0 6 0 4 10 12 1 6 8 15 3 5 9 13 2 7 11 14
6 0 6 2 4 10 14 1 6 8 12 3 7 11 0 5 9 13 15
6 0 6 1 4 8 12 3 6 11 15 0 5 9 13 2 7 10 14
6 0 6 2 4 10 12 1 6 9 15 3 8 11 13 5 7 0 14
6 0 6 2 4 10 12 0 6 8 15 1 5 9 13 3 7 11 14
6 0 6 1 4 10 12 0 6 8 15 3 5 9 13 2 7 11 14
6 0 6 2 4 10 14 1 6 8 0 3 7 11 12 5 9 13 15
6 0 6 2 4 10 14 1 6 8 12 3 7 11 13 5 9 0 15
6 0 6 2 4 10 0 1 6 8 14 3 7 11 12 5 9 13 15
6 0 6 2 4 10 14 1 6 8 12 3 7 0 13 5 9 11 15
6 0 6 2 4 0 14 1 6 8 12 3 7 11 13 5 9 10 15
6 0 6 2 4 10 14 1 6 0 12 3 7 8 13 5 9 11 15
6 0 6 2 4 10 14 1 6 8 0 3 7 12 13 5 9 11 15
6 0 6 2 4 10 14 1 6 8 12 3 7 9 13 5 0 11 15
6 0 6 2 4 8 14 1 6 0 12 3 7 11 13 5 9 10 15
6 0 6 2 4 0 14 1 6 10 12 3 7 8 13 5 9 11 15
6 0 6 2 4 10 0 1 6 8 14 3 7 12 13 5 9 11 15
6 0 6 2 4 10 14 1 6 8 13 3 7 12 0 5 9 11 15
6 0 6 2 4 10 14 1 6 8 12 3 0 9 13 5 7 11 15
6 0 6 2 4 8 14 1 6 11 12 3 7 0 13 5 9 10 15
6 0 6 2 4 10 14 1 6 8 13 3 7 12 15 5 9 11 0
6 0 6 2 4 10 14 1 0 8 12 3 6 9 13 5 7 11 15
6 0 6 2 4 10 14 1 6 0 12 3 8 9 13 5 7 11 15
6 0 6 2 4 10 14 1 6 8 12 3 5 9 13 0 7 11 15
6 0 6 2 4 8 14 1 6 11 0 3 7 12 13 5 9 10 15
6 0 6 2 4 8 14 1 6 11 12 3 7 9 13 5 0 10 15
6 0 6 2 4 10 0 1 6 8 13 3 7 12 15 5 9 11 14
6 0 6 2 0 10 14 1 4 8 12 3 6 9 13 5 7 11 15
6 0 6 2 4 0 14 1 6 10 12 3 8 9 13 5 7 11 15
6 0 6 2 4 10 14 1 6 9 12 3 8 0 13 5 7 11 15
6 0 6 2 4 10 14 1 6 8 12 0 5 9 13 3 7 11 15
6 0 6 0 4 10 14 1 6 8 12 3 5 9 13 2 7 11 15
6 0 6 2 4 10 13 1 6 8 0 3 7 12 15 5 9 11 14
6 0 6 2 4 8 0 1 6 11 14 3 7 12 13 5 9 10 15
6 0 6 2 4 8 14 1 6 11 13 3 7 12 0 5 9 10 15
6 0 6 2 4 10 14 1 6 9 12 3 8 11 13 5 7 0 15
6 0 6 2 4 10 14 1 6 9 0 3 8 12 13 5 7 11 15
6 0 6 2 4 8 11 1 6 0 14 3 7 12 13 5 9 10 15
6 0 6 2 4 8 14 1 6 11 13 3 7 12 15 5 9 10 0
6 0 6 2 4 0 14 1 6 9 12 3 8 11 13 5 7 10 15
6 0 6 2 4 10 14 1 6 9 12 3 8 11 0 5 7 13 15
6 0 6 2 4 10 0 1 6 9 14 3 8 12 13 5 7 11 15
6 0 6 2 4 10 14 1 6 9 13 3 8 12 0 5 7 11 15
6 0 6 2 4 0 11 1 6 8 14 3 7 12 13 5 9 10 15
6 0 6 2 4 8 11 1 6 12 14 3 7 0 13 5 9 10 15
6 0 6 2 4 8 0 1 6 11 13 3 7 12 15 5 9 10 14
6 0 6 2 4 9 14 1 6 0 12 3 8 11 13 5 7 10 15
6 0 6 2 4 10 14 1 6 9 0 3 8 11 12 5 7 13 15
6 0 6 2 4 10 14 1 6 9 13 3 8 12 15 5 7 11 0
6 0 6 2 4 10 11 1 6 8 14 3 7 12 13 5 9 0 15
6 0 6 2 4 8 11 1 6 12 14 3 7 10 13 5 9 0 15
6 0 6 2 4 8 11 1 6 12 14 3 7 9 13 5 0 10 15
6 0 6 2 4 8 13 1 6 11 0 3 7 12 15 5 9 10 14
6 0 6 2 4 10 0 1 6 9 13 3 8 12 15 5 7 11 14
6 0 6 2 4 10 11 1 6 8 14 3 7 0 13 5 9 12 15
6 0 6 2 4 10 11 1 6 8 14 3 7 12 0 5 9 13 15
6 0 6 2 4 8 11 1 6 12 14 3 7 10 0 5 9 13 15
6 0 6 2 4 8 11 1 6 12 14 3 0 9 13 5 7 10 15
6 0 6 2 4 8 13 1 6 11 15 3 7 12 0 5 9 10 14
6 0 6 2 4 8 13 1 6 11 12 3 7 0 15 5 9 10 14
6 0 6 2 4 10 13 1 6 9 0 3 8 12 15 5 7 11 14
6 0 6 2 4 10 11 1 6 0 14 3 7 8 13 5 9 12 15
6 0 6 2 4 8 11 1 6 12 0 3 7 10 14 5 9 13 15
5 0 5 2 4 8 11 1 6 0 12 3 7 10 14 5 9 13 15
5 0 5 2 4 0 11 1 6 8 12 3 7 10 14 5 9 13 15
5 0 5 2 4 8 11 1 6 10 12 3 7 0 14 5 9 13 15
5 0 5 2 4 8 0 1 6 11 12 3 7 10 14 5 9 13 15
5 0 5 2 4 8 11 1 6 10 12 3 7 13 14 5 9 0 15
5 0 5 2 4 8 11 1 6 10 0 3 7 12 14 5 9 13 15
5 0 5 2 4 8 11 1 6 10 12 3 7 9 14 5 0 13 15
5 0 5 2 4 8 12 1 6 11 0 3 7 10 14 5 9 13 15
5 0 5 2 4 8 0 1 6 10 11 3 7 12 14 5 9 13 15
5 0 5 2 4 8 11 1 6 10 14 3 7 12 0 5 9 13 15
5 0 5 2 4 8 11 1 6 10 12 3 0 9 14 5 7 13 15
5 0 5 2 4 8 12 1 6 11 14 3 7 10 0 5 9 13 15
5 0 5 2 4 8 11 1 6 10 14 3 7 12 15 5 9 13 0
5 0 5 2 4 8 11 1 6 10 14 3 7 12 13 5 9 0 15
5 0 5 2 4 8 11 1 0 10 12 3 6 9 14 5 7 13 15
5 0 5 2 4 8 11 1 6 10 12 3 5 9 14 0 7 13 15
5 0 5 2 4 8 12 1 6 11 14 3 7 10 15 5 9 13 0
5 0 5 2 4 8 12 1 6 11 14 3 7 10 13 5 9 0 15
5 0 5 2 4 8 11 1 6 10 14 3 7 0 13 5 9 12 15
5 0 5 2 0 8 11 1 4 10 12 3 6 9 14 5 7 13 15
5 0 5 2 4 8 11 1 6 10 12 0 5 9 14 3 7 13 15
5 0 5 0 4 8 11 1 6 10 12 3 5 9 14 2 7 13 15
5 0 5 2 4 8 12 1 6 11 14 3 7 0 13 5 9 10 15
5 0 5 2 4 8 11 1 6 0 14 3 7 10 13 5 9 12 15
5 0 5 2 4 8 11 1 6 10 14 3 7 9 13 5 0 12 15
5 0 5 2 4 8 11 0 6 10 12 1 5 9 14 3 7 13 15
5 0 5 1 4 8 11 0 6 10 12 3 5 9 14 2 7 13 15
5 0 5 2 4 8 12 1 6 0 14 3 7 11 13 5 9 10 15
5 0 5 2 4 8 12 1 6 11 14 3 7 9 13 5 0 10 15
5 0 5 2 4 0 11 1 6 8 14 3 7 10 13 5 9 12 15
5 0 5 2 4 8 0 1 6 11 14 3 7 10 13 5 9 12 15
5 0 5 2 4 8 11 1 6 10 14 3 0 9 13 5 7 12 15
5 0 5 2 4 8 12 1 6 11 14 3 0 9 13 5 7 10 15
5 0 5 0 4 8 11 2 6 10 12 1 5 9 14 3 7 13 15
5 0 5 2 4 8 14 1 6 11 0 3 7 10 13 5 9 12 15
5 0 5 2 4 8 11 1 0 10 14 3 6 9 13 5 7 12 15
5 0 5 2 4 8 11 1 6 10 14 3 5 9 13 0 7 12 15
5 0 5 2 4 8 12 1 0 11 14 3 6 9 13 5 7 10 15
5 0 5 2 4 8 12 1 6 11 14 3 5 9 13 0 7 10 15
5 0 5 2 4 8 14 1 6 11 13 3 7 10 0 5 9 12 15
5 0 5 2 0 8 11 1 4 10 14 3 6 9 13 5 7 12 15
5 0 5 2 4 8 11 1 6 10 14 0 5 9 13 3 7 12 15
5 0 5 0 4 8 11 1 6 10 14 3 5 9 13 2 7 12 15
5 0 5 2 0 8 12 1 4 11 14 3 6 9 13 5 7 10 15
5 0 5 2 4 8 12 1 6 11 14 0 5 9 13 3 7 10 15
5 0 5 0 4 8 12 1 6 11 14 3 5 9 13 2 7 10 15
5 0 5 2 4 8 11 0 6 10 14 1 5 9 13 3 7 12 15
5 0 5 1 4 8 11 0 6 10 14 3 5 9 13 2 7 12 15
5 0 5 2 4 8 14 1 6 11 13 3 7 10 15 5 9 12 0
5 0 5 2 4 8 12 0 6 11 14 1 5 9 13 3 7 10 15
5 0 5 1 4 8 12 0 6 11 14 3 5 9 13 2 7 10 15
5 0 5 0 4 8 11 2 6 10 14 1 5 9 13 3 7 12 15
5 0 5 1 4 8 11 3 6 10 14 0 5 9 13 2 7 12 15
5 0 5 2 4 8 0 1 6 11 13 3 7 10 15 5 9 12 14
5 0 5 0 4 8 12 2 6 11 14 1 5 9 13 3 7 10 15
5 0 5 1 4 8 12 3 6 11 14 0 5 9 13 2 7 10 15
5 0 5 1 4 8 11 3 6 10 14 2 5 9 13 0 7 12 15
5 0 5 2 4 8 13 1 6 11 0 3 7 10 15 5 9 12 14
5 0 5 2 4 8 11 1 6 0 13 3 7 10 15 5 9 12 14
5 0 5 1 4 8 12 3 6 11 14 2 5 9 13 0 7 10 15
5 0 5 1 4 8 11 3 6 10 14 2 0 9 13 5 7 12 15
5 0 5 1 4 8 11 3 6 10 12 0 5 9 14 2 7 13 15
5 0 5 2 4 0 12 1 6 8 14 3 7 11 13 5 9 10 15
5 0 5 2 4 8 13 1 6 11 15 3 7 10 0 5 9 12 14
5 0 5 2 4 0 11 1 6 8 13 3 7 10 15 5 9 12 14
5 0 5 2 4 8 11 1 6 10 13 3 7 0 15 5 9 12 14
5 0 5 1 4 8 12 3 6 11 14 2 0 9 13 5 7 10 15
5 0 5 1 4 8 11 3 0 10 14 2 6 9 13 5 7 12 15
5 0 5 1 4 8 11 3 6 10 14 2 7 9 13 5 0 12 15
5 0 5 1 4 8 11 3 6 10 12 2 5 9 14 0 7 13 15
5 0 5 2 4 10 12 1 6 8 14 3 7 11 13 5 9 0 15
5 0 5 2 4 8 13 1 6 11 15 3 7 10 14 5 9 12 0
5 0 5 2 4 8 11 1 6 10 13 3 7 12 15 5 9 0 14
5 0 5 2 4 8 11 1 6 10 13 3 7 9 15 5 0 12 14
5 0 5 1 4 8 12 3 0 11 14 2 6 9 13 5 7 10 15
5 0 5 1 0 8 11 3 4 10 14 2 6 9 13 5 7 12 15
5 0 5 2 4 10 12 1 6 8 14 3 7 11 0 5 9 13 15
5 0 5 1 4 8 11 3 6 10 14 2 7 0 13 5 9 12 15
5 0 5 1 4 8 11 3 6 10 12 2 0 9 14 5 7 13 15
5 0 5 2 4 8 11 1 6 10 13 3 0 9 15 5 7 12 14
5 0 5 1 0 8 12 3 4 11 14 2 6 9 13 5 7 10 15
5 0 5 1 3 8 11 0 4 10 14 2 6 9 13 5 7 12 15
5 0 5 2 4 10 12 1 6 8 0 3 7 11 14 5 9 13 15
5 0 5 2 4 10 12 1 6 8 14 3 7 11 15 5 9 13 0
5 0 5 1 4 8 11 3 6 0 14 2 7 10 13 5 9 12 15
5 0 5 1 4 8 11 3 0 10 12 2 6 9 14 5 7 13 15
5 0 5 1 4 8 11 3 6 10 12 2 7 9 14 5 0 13 15
5 0 5 2 4 8 11 1 0 10 13 3 6 9 15 5 7 12 14
5 0 5 1 3 8 12 0 4 11 14 2 6 9 13 5 7 10 15
5 0 5 1 4 8 0 3 6 11 14 2 7 10 13 5 9 12 15
5 0 5 1 0 8 11 3 4 10 12 2 6 9 14 5 7 13 15
5 0 5 1 4 8 11 3 6 10 12 2 7 0 14 5 9 13 15
5 0 5 2 0 8 11 1 4 10 13 3 6 9 15 5 7 12 14
5 0 5 0 3 8 12 1 4 11 14 2 6 9 13 5 7 10 15
5 0 5 1 3 8 12 2 4 11 14 0 6 9 13 5 7 10 15
5 0 5 1 4 8 14 3 6 11 0 2 7 10 13 5 9 12 15
5 0 5 1 3 8 11 0 4 10 12 2 6 9 14 5 7 13 15
5 0 5 1 4 8 11 3 6 0 12 2 7 10 14 5 9 13 15
5 0 5 1 4 8 11 3 6 10 12 2 7 13 14 5 9 0 15
5 0 5 1 4 8 11 3 6 10 0 2 7 12 14 5 9 13 15
5 0 5 1 3 8 12 2 4 11 14 5 6 9 13 0 7 10 15
5 0 5 1 3 8 12 2 0 11 14 4 6 9 13 5 7 10 15
5 0 5 1 4 8 14 3 6 11 13 2 7 10 0 5 9 12 15
5 0 5 0 3 8 11 1 4 10 12 2 6 9 14 5 7 13 15
5 0 5 1 3 8 11 2 4 10 12 0 6 9 14 5 7 13 15
5 0 5 1 4 8 0 3 6 10 11 2 7 12 14 5 9 13 15
5 0 5 1 4 8 11 3 6 10 14 2 7 12 0 5 9 13 15
5 0 5 1 0 8 12 2 3 11 14 4 6 9 13 5 7 10 15
5 0 5 1 3 8 12 2 6 11 14 4 0 9 13 5 7 10 15
5 0 5 1 4 8 14 3 6 11 13 2 7 10 15 5 9 12 0
5 0 5 1 3 8 11 2 4 10 12 5 6 9 14 0 7 13 15
5 0 5 1 3 8 11 2 0 10 12 4 6 9 14 5 7 13 15
5 0 5 1 4 8 11 3 6 10 14 2 7 12 15 5 9 13 0
5 0 5 1 4 0 11 3 6 8 12 2 7 10 14 5 9 13 15
5 0 5 1 3 8 12 2 6 11 14 4 7 9 13 5 0 10 15
5 0 5 1 3 8 12 2 6 11 14 4 5 9 13 0 7 10 15
5 0 5 1 4 8 0 3 6 11 13 2 7 10 15 5 9 12 14
5 0 5 1 0 8 11 2 3 10 12 4 6 9 14 5 7 13 15
5 0 5 1 3 8 12 2 6 11 14 4 7 0 13 5 9 10 15
5 0 5 1 3 8 12 2 6 11 14 0 5 9 13 4 7 10 15
5 0 5 1 4 8 13 3 6 11 0 2 7 10 15 5 9 12 14
5 0 5 1 4 8 11 3 6 0 13 2 7 10 15 5 9 12 14
5 0 5 1 3 8 12 2 6 0 14 4 7 11 13 5 9 10 15
5 0 5 1 3 8 12 2 6 11 14 4 7 10 13 5 9 0 15
5 0 5 1 3 8 12 0 6 11 14 2 5 9 13 4 7 10 15
5 0 5 1 4 8 13 3 6 11 15 2 7 10 0 5 9 12 14
5 0 5 1 4 0 11 3 6 8 13 2 7 10 15 5 9 12 14
5 0 5 1 4 8 11 3 6 10 13 2 7 0 15 5 9 12 14
5 0 5 1 3 0 12 2 6 8 14 4 7 11 13 5 9 10 15
5 0 5 1 3 8 12 2 6 11 14 4 7 10 0 5 9 13 15
5 0 5 0 3 8 12 1 6 11 14 2 5 9 13 4 7 10 15
5 0 5 1 0 8 12 3 6 11 14 2 5 9 13 4 7 10 15
5 0 5 1 4 8 13 3 6 11 15 2 7 10 14 5 9 12 0
5 0 5 1 4 8 11 3 6 10 13 2 7 9 15 5 0 12 14
5 0 5 1 3 10 12 2 6 8 14 4 7 11 13 5 9 0 15
5 0 5 1 3 8 12 2 6 11 0 4 7 10 14 5 9 13 15
5 0 5 1 3 8 12 2 6 11 14 4 7 10 15 5 9 13 0
5 0 5 1 6 8 12 3 0 11 14 2 5 9 13 4 7 10 15
5 0 5 1 4 8 11 3 6 10 13 2 7 12 15 5 9 0 14
5 0 5 1 4 8 11 3 6 10 13 2 0 9 15 5 7 12 14
5 0 5 1 3 10 12 2 6 8 14 4 7 0 13 5 9 11 15
5 0 5 1 3 10 12 2 6 8 14 4 7 11 0 5 9 13 15
5 0 5 1 3 8 0 2 6 11 12 4 7 10 14 5 9 13 15
5 0 5 1 6 8 12 3 5 11 14 2 0 9 13 4 7 10 15
5 0 5 1 4 8 11 3 0 10 13 2 6 9 15 5 7 12 14
5 0 5 1 4 8 11 3 6 10 13 2 5 9 15 0 7 12 14
5 0 5 1 3 10 12 2 6 0 14 4 7 8 13 5 9 11 15
5 0 5 1 3 8 11 2 6 0 12 4 7 10 14 5 9 13 15
5 0 5 1 6 8 12 3 5 11 14 2 7 9 13 4 0 10 15
5 0 5 1 0 8 11 3 4 10 13 2 6 9 15 5 7 12 14
5 0 5 1 4 8 11 3 6 10 13 0 5 9 15 2 7 12 14
5 0 5 1 3 0 12 2 6 10 14 4 7 8 13 5 9 11 15
5 0 5 1 3 0 11 2 6 8 12 4 7 10 14 5 9 13 15
5 0 5 1 3 8 11 2 6 10 12 4 7 0 14 5 9 13 15
5 0 5 1 0 8 12 3 5 11 14 2 7 9 13 4 6 10 15
5 0 5 1 6 8 12 3 5 11 14 2 7 0 13 4 9 10 15
5 0 5 1 3 8 11 0 4 10 13 2 6 9 15 5 7 12 14
5 0 5 1 4 8 11 0 6 10 13 3 5 9 15 2 7 12 14
5 0 5 1 3 8 11 2 6 10 12 4 7 13 14 5 9 0 15
5 0 5 1 3 8 11 2 6 10 0 4 7 12 14 5 9 13 15
5 0 5 1 3 8 11 2 6 10 12 4 7 9 14 5 0 13 15
5 0 5 1 6 8 12 3 5 0 14 2 7 11 13 4 9 10 15
5 0 5 1 6 8 12 3 5 11 14 2 7 10 13 4 9 0 15
5 0 5 0 3 8 11 1 4 10 13 2 6 9 15 5 7 12 14
5 0 5 1 3 8 11 2 4 10 13 0 6 9 15 5 7 12 14
5 0 5 0 4 8 11 1 6 10 13 3 5 9 15 2 7 12 14
5 0 5 1 3 8 0 2 6 10 11 4 7 12 14 5 9 13 15
5 0 5 1 3 8 11 2 6 10 14 4 7 12 0 5 9 13 15
5 0 5 1 6 0 12 3 5 8 14 2 7 11 13 4 9 10 15
5 0 5 1 6 8 12 3 5 11 14 2 7 10 0 4 9 13 15
5 0 5 1 3 8 11 2 4 10 13 5 6 9 15 0 7 12 14
5 0 5 1 3 8 11 2 0 10 13 4 6 9 15 5 7 12 14
5 0 5 1 5 8 12 3 0 11 14 2 7 9 13 4 6 10 15
5 0 5 1 3 8 11 2 6 10 14 4 7 12 15 5 9 13 0
5 0 5 1 0 8 11 2 3 10 13 4 6 9 15 5 7 12 14
5 0 5 1 3 8 11 2 6 10 13 4 0 9 15 5 7 12 14
5 0 5 1 5 8 12 3 7 11 14 2 0 9 13 4 6 10 15
5 0 5 1 3 8 11 2 6 10 14 4 7 12 13 5 9 0 15
5 0 5 1 3 8 11 2 6 10 13 4 7 9 15 5 0 12 14
5 0 5 1 3 8 11 2 6 10 13 4 5 9 15 0 7 12 14
5 0 5 1 5 8 12 3 7 11 14 2 6 9 13 4 0 10 15
5 0 5 1 3 8 11 2 6 10 14 4 7 0 13 5 9 12 15
5 0 5 1 3 8 11 2 6 10 13 4 7 0 15 5 9 12 14
5 0 5 1 3 8 11 2 6 10 13 0 5 9 15 4 7 12 14
5 0 5 1 5 8 12 3 7 11 14 2 6 0 13 4 9 10 15
5 0 5 1 3 8 11 2 6 0 14 4 7 10 13 5 9 12 15
5 0 5 1 3 8 11 2 6 10 14 4 7 9 13 5 0 12 15
5 0 5 1 3 8 11 2 6 0 13 4 7 10 15 5 9 12 14
5 0 5 1 3 8 11 2 6 10 13 4 7 12 15 5 9 0 14
5 0 5 1 3 8 11 0 6 10 13 2 5 9 15 4 7 12 14
5 0 5 1 5 8 12 3 7 0 14 2 6 11 13 4 9 10 15
5 0 5 1 5 8 12 3 7 11 14 2 6 10 13 4 9 0 15
5 0 5 1 3 0 11 2 6 8 14 4 7 10 13 5 9 12 15
5 0 5 1 3 8 0 2 6 11 14 4 7 10 13 5 9 12 15
5 0 5 1 3 8 11 2 6 10 14 4 0 9 13 5 7 12 15
5 0 5 1 3 0 11 2 6 8 13 4 7 10 15 5 9 12 14
5 0 5 1 3 8 0 2 6 11 13 4 7 10 15 5 9 12 14
5 0 5 1 5 0 12 3 7 8 14 2 6 11 13 4 9 10 15
5 0 5 1 5 8 12 3 7 11 14 2 6 10 0 4 9 13 15
5 0 5 0 3 8 11 1 6 10 13 2 5 9 15 4 7 12 14
5 0 5 1 3 8 14 2 6 11 0 4 7 10 13 5 9 12 15
5 0 5 1 3 8 11 2 0 10 14 4 6 9 13 5 7 12 15
5 0 5 1 5 10 12 3 7 8 14 2 6 11 13 4 9 0 15
5 0 5 1 5 7 12 3 0 8 14 2 6 11 13 4 9 10 15
5 0 5 1 5 8 12 3 7 11 0 2 6 10 14 4 9 13 15
5 0 5 1 5 8 12 3 7 11 14 2 6 10 15 4 9 13 0
5 0 5 1 3 8 14 2 6 11 13 4 7 10 0 5 9 12 15
5 0 5 1 0 8 11 2 3 10 14 4 6 9 13 5 7 12 15
5 0 5 1 5 10 12 3 7 8 14 2 6 0 13 4 9 11 15
5 0 5 1 5 10 12 3 7 8 14 2 6 11 0 4 9 13 15
5 0 5 1 0 7 12 3 5 8 14 2 6 11 13 4 9 10 15
5 0 5 1 5 7 12 3 6 8 14 2 0 11 13 4 9 10 15
5 0 5 1 5 8 0 3 7 11 12 2 6 10 14 4 9 13 15
5 0 5 1 5 10 12 3 7 0 14 2 6 8 13 4 9 11 15
5 0 5 1 5 10 12 3 7 8 14 2 6 9 13 4 0 11 15
5 0 5 1 5 10 12 3 7 8 0 2 6 11 14 4 9 13 15
5 0 5 1 5 10 12 3 7 8 14 2 6 11 15 4 9 13 0
5 0 5 1 3 7 12 0 5 8 14 2 6 11 13 4 9 10 15
5 0 5 1 5 8 11 3 7 0 12 2 6 10 14 4 9 13 15
5 0 5 1 5 0 12 3 7 10 14 2 6 8 13 4 9 11 15
5 0 5 1 5 10 12 3 7 8 14 2 0 9 13 4 6 11 15
5 0 5 1 5 10 0 3 7 8 12 2 6 11 14 4 9 13 15
5 0 5 1 5 7 12 3 6 8 14 2 9 11 13 4 0 10 15
5 0 5 0 3 7 12 1 5 8 14 2 6 11 13 4 9 10 15
5 0 5 1 3 7 12 2 5 8 14 0 6 11 13 4 9 10 15
5 0 5 1 5 0 11 3 7 8 12 2 6 10 14 4 9 13 15
5 0 5 1 5 7 12 3 0 10 14 2 6 8 13 4 9 11 15
5 0 5 1 5 10 12 3 0 8 14 2 7 9 13 4 6 11 15
5 0 5 1 5 10 12 3 7 0 14 2 8 9 13 4 6 11 15
5 0 5 1 5 8 11 3 7 10 12 2 6 0 14 4 9 13 15
5 0 5 1 0 7 12 3 5 10 14 2 6 8 13 4 9 11 15
5 0 5 1 5 7 12 3 6 10 14 2 0 8 13 4 9 11 15
4 0 4 1 5 7 12 3 6 10 14 2 8 0 13 4 9 11 15
4 0 4 1 5 7 12 3 6 0 14 2 8 10 13 4 9 11 15
4 0 4 1 5 7 12 3 6 10 14 2 8 11 13 4 9 0 15
4 0 4 1 5 7 12 3 6 10 14 2 8 9 13 4 0 11 15
4 0 4 1 5 0 12 3 6 7 14 2 8 10 13 4 9 11 15
4 0 4 1 5 7 12 3 6 8 14 2 0 10 13 4 9 11 15
4 0 4 1 5 7 12 3 6 10 14 2 8 11 0 4 9 13 15
4 0 4 1 5 7 12 3 6 10 14 2 0 9 13 4 8 11 15
4 0 4 1 5 7 12 3 0 8 14 2 6 10 13 4 9 11 15
4 0 4 1 5 7 12 3 6 8 14 2 9 10 13 4 0 11 15
4 0 4 1 5 7 12 3 6 10 0 2 8 11 14 4 9 13 15
4 0 4 1 5 7 12 3 6 10 14 2 8 11 15 4 9 13 0
4 0 4 1 5 7 12 3 0 10 14 2 6 9 13 4 8 11 15
4 0 4 1 0 7 12 3 5 8 14 2 6 10 13 4 9 11 15
4 0 4 1 5 0 12 3 7 8 14 2 6 10 13 4 9 11 15
4 0 4 1 5 7 0 3 6 10 12 2 8 11 14 4 9 13 15
4 0 4 1 0 7 12 3 5 10 14 2 6 9 13 4 8 11 15
4 0 4 1 5 0 12 3 7 10 14 2 6 9 13 4 8 11 15
4 0 4 1 3 7 12 0 5 8 14 2 6 10 13 4 9 11 15
4 0 4 1 5 8 12 3 7 0 14 2 6 10 13 4 9 11 15
4 0 4 1 3 7 12 0 5 10 14 2 6 9 13 4 8 11 15
4 0 4 1 5 10 12 3 7 0 14 2 6 9 13 4 8 11 15
4 0 4 0 3 7 12 1 5 8 14 2 6 10 13 4 9 11 15
4 0 4 1 3 7 12 2 5 8 14 0 6 10 13 4 9 11 15
4 0 4 1 5 8 12 3 7 10 14 2 6 0 13 4 9 11 15
4 0 4 0 3 7 12 1 5 10 14 2 6 9 13 4 8 11 15
4 0 4 1 3 7 12 2 5 10 14 0 6 9 13 4 8 11 15
4 0 4 1 5 10 12 3 7 9 14 2 6 0 13 4 8 11 15
4 0 4 1 3 7 12 2 5 8 14 4 6 10 13 0 9 11 15
4 0 4 1 5 8 12 3 7 10 14 2 6 11 13 4 9 0 15
4 0 4 1 5 8 12 3 7 10 14 2 6 9 13 4 0 11 15
4 0 4 1 3 7 12 2 5 10 14 4 6 9 13 0 8 11 15
4 0 4 1 5 10 12 3 7 9 14 2 6 11 13 4 8 0 15
4 0 4 1 5 8 12 3 7 10 14 2 6 11 0 4 9 13 15
4 0 4 1 5 8 12 3 7 10 14 2 0 9 13 4 6 11 15
4 0 4 1 5 0 12 3 7 9 14 2 6 11 13 4 8 10 15
4 0 4 1 5 10 12 3 7 9 14 2 6 11 0 4 8 13 15
4 0 4 1 5 8 12 3 7 10 0 2 6 11 14 4 9 13 15
4 0 4 1 5 8 12 3 7 10 14 2 6 11 15 4 9 13 0
4 0 4 1 5 8 12 3 0 10 14 2 7 9 13 4 6 11 15
4 0 4 1 5 9 12 3 7 0 14 2 6 11 13 4 8 10 15
4 0 4 1 5 7 12 3 0 9 14 2 6 11 13 4 8 10 15
4 0 4 1 5 10 12 3 7 9 0 2 6 11 14 4 8 13 15
4 0 4 1 5 10 12 3 7 9 14 2 6 11 15 4 8 13 0
4 0 4 1 5 8 0 3 7 10 12 2 6 11 14 4 9 13 15
4 0 4 1 0 8 12 3 5 10 14 2 7 9 13 4 6 11 15
4 0 4 1 5 9 12 3 7 11 14 2 6 0 13 4 8 10 15
4 0 4 1 0 7 12 3 5 9 14 2 6 11 13 4 8 10 15
4 0 4 1 5 7 12 3 6 9 14 2 0 11 13 4 8 10 15
4 0 4 1 5 10 0 3 7 9 12 2 6 11 14 4 8 13 15
4 0 4 1 5 7 12 3 6 9 14 2 8 11 13 4 0 10 15
4 0 4 1 6 8 12 3 5 10 14 2 7 9 13 4 0 11 15
4 0 4 1 3 8 12 0 5 10 14 2 7 9 13 4 6 11 15
4 0 4 1 6 8 12 3 5 10 14 2 0 9 13 4 7 11 15
4 0 4 1 6 8 12 3 5 10 14 2 7 0 13 4 9 11 15
4 0 4 0 3 8 12 1 5 10 14 2 7 9 13 4 6 11 15
4 0 4 1 3 8 12 2 5 10 14 0 7 9 13 4 6 11 15
4 0 4 1 6 8 12 3 0 10 14 2 5 9 13 4 7 11 15
4 0 4 1 6 8 12 3 5 0 14 2 7 10 13 4 9 11 15
4 0 4 1 6 8 12 3 5 10 14 2 7 11 13 4 9 0 15
4 0 4 1 3 8 12 2 5 10 14 4 7 9 13 0 6 11 15
4 0 4 1 0 8 12 3 6 10 14 2 5 9 13 4 7 11 15
4 0 4 1 6 0 12 3 5 8 14 2 7 10 13 4 9 11 15
4 0 4 1 6 8 12 3 5 10 14 2 7 11 0 4 9 13 15
4 0 4 1 3 8 12 0 6 10 14 2 5 9 13 4 7 11 15
4 0 4 1 6 8 12 3 5 10 0 2 7 11 14 4 9 13 15
4 0 4 1 6 8 12 3 5 10 14 2 7 11 15 4 9 13 0
4 0 4 0 3 8 12 1 6 10 14 2 5 9 13 4 7 11 15
4 0 4 1 3 8 12 2 6 10 14 0 5 9 13 4 7 11 15
4 0 4 1 6 8 0 3 5 10 12 2 7 11 14 4 9 13 15
4 0 4 1 3 8 12 2 6 10 14 4 5 9 13 0 7 11 15
4 0 4 1 5 9 12 3 7 11 14 2 6 10 13 4 8 0 15
4 0 4 1 3 8 12 2 6 10 14 4 0 9 13 5 7 11 15
4 0 4 1 5 9 12 3 7 11 14 2 6 10 0 4 8 13 15
4 0 4 1 3 8 12 2 0 10 14 4 6 9 13 5 7 11 15
4 0 4 1 3 8 12 2 6 10 14 4 7 9 13 5 0 11 15
4 0 4 1 5 9 12 3 7 11 0 2 6 10 14 4 8 13 15
4 0 4 1 5 9 12 3 7 11 14 2 6 10 15 4 8 13 0
4 0 4 1 0 8 12 2 3 10 14 4 6 9 13 5 7 11 15
4 0 4 1 3 8 12 2 4 10 14 0 6 9 13 5 7 11 15
4 0 4 1 3 8 12 2 6 10 14 4 7 0 13 5 9 11 15
4 0 4 1 5 9 0 3 7 11 12 2 6 10 14 4 8 13 15
4 0 4 1 3 8 12 0 4 10 14 2 6 9 13 5 7 11 15
4 0 4 1 3 8 12 2 4 10 14 5 6 9 13 0 7 11 15
4 0 4 1 3 8 12 2 6 0 14 4 7 10 13 5 9 11 15
4 0 4 1 3 8 12 2 6 10 14 4 7 11 13 5 9 0 15
4 0 4 1 5 9 11 3 7 0 12 2 6 10 14 4 8 13 15
4 0 4 0 3 8 12 1 4 10 14 2 6 9 13 5 7 11 15
4 0 4 1 0 8 12 3 4 10 14 2 6 9 13 5 7 11 15
4 0 4 1 3 0 12 2 6 8 14 4 7 10 13 5 9 11 15
4 0 4 1 3 8 12 2 6 10 14 4 7 11 0 5 9 13 15
4 0 4 1 5 0 11 3 7 9 12 2 6 10 14 4 8 13 15
4 0 4 1 5 9 11 3 7 10 12 2 6 0 14 4 8 13 15
4 0 4 1 4 8 12 3 0 10 14 2 6 9 13 5 7 11 15
4 0 4 1 3 8 12 2 6 10 0 4 7 11 14 5 9 13 15
4 0 4 1 3 8 12 2 6 10 14 4 7 11 15 5 9 13 0
4 0 4 1 5 7 11 3 0 9 12 2 6 10 14 4 8 13 15
4 0 4 1 5 9 11 3 7 10 12 2 6 13 14 4 8 0 15
4 0 4 1 5 9 11 3 7 10 0 2 6 12 14 4 8 13 15
4 0 4 1 4 8 12 3 6 10 14 2 0 9 13 5 7 11 15
4 0 4 1 3 8 0 2 6 10 12 4 7 11 14 5 9 13 15
4 0 4 1 0 7 11 3 5 9 12 2 6 10 14 4 8 13 15
4 0 4 1 5 7 11 3 6 9 12 2 0 10 14 4 8 13 15
4 0 4 1 5 9 0 3 7 10 11 2 6 12 14 4 8 13 15
4 0 4 1 5 9 11 3 7 10 14 2 6 12 0 4 8 13 15
4 0 4 1 4 8 12 3 6 10 14 2 7 9 13 5 0 11 15
4 0 4 1 4 8 12 3 6 10 14 2 5 9 13 0 7 11 15
4 0 4 1 3 7 11 0 5 9 12 2 6 10 14 4 8 13 15
4 0 4 1 5 9 11 3 7 10 14 2 6 12 13 4 8 0 15
4 0 4 1 4 8 12 3 6 10 14 2 7 0 13 5 9 11 15
4 0 4 1 4 8 12 3 6 10 14 0 5 9 13 2 7 11 15
4 0 4 0 3 7 11 1 5 9 12 2 6 10 14 4 8 13 15
4 0 4 1 3 7 11 2 5 9 12 0 6 10 14 4 8 13 15
4 0 4 1 5 9 11 3 7 10 14 2 6 0 13 4 8 12 15
4 0 4 1 4 8 12 3 6 0 14 2 7 10 13 5 9 11 15
4 0 4 1 4 8 12 3 6 10 14 2 7 11 13 5 9 0 15
4 0 4 1 4 8 12 0 6 10 14 3 5 9 13 2 7 11 15
4 0 4 1 3 7 11 2 5 9 12 4 6 10 14 0 8 13 15
4 0 4 1 5 9 11 3 7 0 14 2 6 10 13 4 8 12 15
4 0 4 1 4 0 12 3 6 8 14 2 7 10 13 5 9 11 15
4 0 4 1 4 8 12 3 6 10 14 2 7 11 0 5 9 13 15
4 0 4 0 4 8 12 1 6 10 14 3 5 9 13 2 7 11 15
4 0 4 1 5 0 11 3 7 9 14 2 6 10 13 4 8 12 15
4 0 4 1 5 9 0 3 7 11 14 2 6 10 13 4 8 12 15
4 0 4 1 4 8 12 3 6 10 0 2 7 11 14 5 9 13 15
4 0 4 1 4 8 12 3 6 10 14 2 7 11 15 5 9 13 0
4 0 4 2 4 8 12 1 6 10 14 3 5 9 13 0 7 11 15
4 0 4 1 5 7 11 3 0 9 14 2 6 10 13 4 8 12 15
4 0 4 1 5 9 14 3 7 11 0 2 6 10 13 4 8 12 15
4 0 4 1 4 8 0 3 6 10 12 2 7 11 14 5 9 13 15
4 0 4 2 4 8 12 1 6 10 14 0 5 9 13 3 7 11 15
4 0 4 2 4 8 12 1 6 10 14 3 0 9 13 5 7 11 15
4 0 4 1 0 7 11 3 5 9 14 2 6 10 13 4 8 12 15
4 0 4 1 5 7 11 3 6 9 14 2 0 10 13 4 8 12 15
4 0 4 1 5 9 14 3 7 11 13 2 6 10 0 4 8 12 15
4 0 4 2 4 8 12 0 6 10 14 1 5 9 13 3 7 11 15
4 0 4 2 4 8 12 1 0 10 14 3 6 9 13 5 7 11 15
4 0 4 2 4 8 12 1 6 10 14 3 7 9 13 5 0 11 15
4 0 4 1 3 7 11 0 5 9 14 2 6 10 13 4 8 12 15
4 0 4 1 5 9 14 3 7 11 13 2 6 10 15 4 8 12 0
4 0 4 0 4 8 12 2 6 10 14 1 5 9 13 3 7 11 15
4 0 4 2 0 8 12 1 4 10 14 3 6 9 13 5 7 11 15
4 0 4 2 4 8 12 1 6 10 14 3 7 0 13 5 9 11 15
4 0 4 0 3 7 11 1 5 9 14 2 6 10 13 4 8 12 15
4 0 4 1 3 7 11 2 5 9 14 0 6 10 13 4 8 12 15
4 0 4 1 5 9 0 3 7 11 13 2 6 10 15 4 8 12 14
4 0 4 1 5 7 11 3 6 9 14 2 8 10 13 4 0 12 15
4 0 4 2 4 8 12 1 6 0 14 3 7 10 13 5 9 11 15
4 0 4 2 4 8 12 1 6 10 14 3 7 11 13 5 9 0 15
4 0 4 1 3 7 11 2 5 9 14 4 6 10 13 0 8 12 15
4 0 4 1 5 9 13 3 7 11 0 2 6 10 15 4 8 12 14
4 0 4 1 5 9 11 3 7 0 13 2 6 10 15 4 8 12 14
4 0 4 2 4 0 12 1 6 8 14 3 7 10 13 5 9 11 15
4 0 4 2 4 8 12 1 6 10 14 3 7 11 0 5 9 13 15
4 0 4 1 5 9 13 3 7 11 15 2 6 10 0 4 8 12 14
4 0 4 1 5 0 11 3 7 9 13 2 6 10 15 4 8 12 14
4 0 4 1 5 9 11 3 7 10 13 2 6 0 15 4 8 12 14
4 0 4 2 4 8 12 1 6 10 0 3 7 11 14 5 9 13 15
4 0 4 2 4 8 12 1 6 10 14 3 7 11 15 5 9 13 0
4 0 4 1 5 9 13 3 7 11 15 2 6 10 14 4 8 12 0
4 0 4 1 5 7 11 3 0 9 13 2 6 10 15 4 8 12 14
4 0 4 1 5 9 11 3 7 10 13 2 6 12 15 4 8 0 14
4 0 4 2 4 8 0 1 6 10 12 3 7 11 14 5 9 13 15
4 0 4 1 5 7 11 3 6 9 12 2 8 10 14 4 0 13 15
4 0 4 1 0 7 11 3 5 9 13 2 6 10 15 4 8 12 14
4 0 4 1 5 7 11 3 6 9 13 2 0 10 15 4 8 12 14
4 0 4 1 5 9 11 3 7 10 14 2 6 12 15 4 8 13 0
4 0 4 1 3 7 11 0 5 9 13 2 6 10 15 4 8 12 14
4 0 4 1 5 7 11 3 6 9 13 2 8 10 15 4 0 12 14
4 0 4 0 3 7 11 1 5 9 13 2 6 10 15 4 8 12 14
4 0 4 1 3 7 11 2 5 9 13 0 6 10 15 4 8 12 14
4 0 4 1 3 7 12 0 5 9 14 2 6 11 13 4 8 10 15
4 0 4 1 3 7 11 2 5 9 13 4 6 10 15 0 8 12 14
4 0 4 0 3 7 12 1 5 9 14 2 6 11 13 4 8 10 15
4 0 4 1 3 7 12 2 5 9 14 0 6 11 13 4 8 10 15
4 0 4 1 3 7 12 2 5 9 14 4 6 11 13 0 8 10 15
5 0 5 1 7 0 11 3 5 9 13 2 6 10 15 4 8 12 14
5 0 5 1 5 9 11 3 7 10 14 2 6 12 15 4 8 0 13
5 0 5 3 0 7 11 1 5 9 13 2 6 10 15 4 8 12 14
5 0 5 3 0 7 12 1 5 9 14 2 6 11 13 4 8 10 15
5 0 5 1 7 9 11 3 5 0 13 2 6 10 15 4 8 12 14
5 0 5 1 5 9 11 3 7 10 14 2 6 0 15 4 8 12 13
5 0 5 3 5 7 11 1 0 9 13 2 6 10 15 4 8 12 14
5 0 5 3 5 7 12 1 0 9 14 2 6 11 13 4 8 10 15
5 0 5 1 7 9 11 3 5 10 13 2 6 0 15 4 8 12 14
5 0 5 1 7 9 0 3 5 11 13 2 6 10 15 4 8 12 14
5 0 5 1 0 9 11 3 5 7 13 2 6 10 15 4 8 12 14
5 0 5 1 5 9 11 3 7 0 14 2 6 10 15 4 8 12 13
5 0 5 1 5 9 11 3 7 10 14 2 6 13 15 4 8 12 0
5 0 5 3 5 7 11 1 6 9 13 2 0 10 15 4 8 12 14
5 0 5 0 5 7 12 1 3 9 14 2 6 11 13 4 8 10 15
5 0 5 1 7 9 11 3 5 10 13 2 6 12 15 4 8 0 14
5 0 5 1 7 9 13 3 5 11 0 2 6 10 15 4 8 12 14
5 0 5 1 7 9 14 3 5 11 13 2 6 10 15 4 8 12 0
5 0 5 1 3 9 11 0 5 7 13 2 6 10 15 4 8 12 14
5 0 5 1 5 0 11 3 7 9 14 2 6 10 15 4 8 12 13
5 0 5 1 5 9 0 3 7 11 14 2 6 10 15 4 8 12 13
3 0 3 1 5 9 13 3 7 11 14 2 6 10 15 4 8 12 0
3 0 3 1 5 9 13 3 7 11 14 2 6 10 0 4 8 12 15
3 0 3 1 5 9 13 3 7 11 0 2 6 10 14 4 8 12 15
3 0 3 1 5 9 0 3 7 11 13 2 6 10 14 4 8 12 15
3 0 3 1 5 9 11 3 7 0 13 2 6 10 14 4 8 12 15
3 0 3 1 5 0 11 3 7 9 13 2 6 10 14 4 8 12 15
3 0 3 1 5 9 11 3 7 10 13 2 6 0 14 4 8 12 15
3 0 3 1 5 7 11 3 0 9 13 2 6 10 14 4 8 12 15
3 0 3 1 5 9 11 3 7 10 13 2 6 12 14 4 8 0 15
3 0 3 1 0 7 11 3 5 9 13 2 6 10 14 4 8 12 15
3 0 3 1 5 7 11 3 6 9 13 2 0 10 14 4 8 12 15
3 0 3 1 3 7 11 0 5 9 13 2 6 10 14 4 8 12 15
3 0 3 1 5 7 11 3 6 9 13 2 8 10 14 4 0 12 15
3 0 3 0 3 7 11 1 5 9 13 2 6 10 14 4 8 12 15
3 0 3 1 3 7 11 2 5 9 13 0 6 10 14 4 8 12 15
3 0 3 1 3 7 11 2 5 9 13 4 6 10 14 0 8 12 15
4 0 4 1 5 9 13 3 7 0 11 2 6 10 14 4 8 12 15
4 0 4 1 5 9 11 3 0 7 13 2 6 10 14 4 8 12 15
4 0 4 1 5 11 0 3 7 9 13 2 6 10 14 4 8 12 15
4 0 4 1 5 7 11 0 3 9 13 2 6 10 14 4 8 12 15
4 0 4 1 7 0 11 3 5 9 13 2 6 10 14 4 8 12 15
4 0 4 3 0 7 11 1 5 9 13 2 6 10 14 4 8 12 15
4 0 4 1 5 0 13 3 7 9 11 2 6 10 14 4 8 12 15
4 0 4 1 5 9 13 3 7 10 11 2 6 0 14 4 8 12 15
2 0 2 1 5 9 13 3 7 10 0 2 6 11 14 4 8 12 15
2 0 2 1 5 9 0 3 7 10 13 2 6 11 14 4 8 12 15
2 0 2 1 5 9 13 3 7 10 14 2 6 11 0 4 8 12 15
2 0 2 1 5 9 13 3 7 10 14 2 6 11 15 4 8 12 0
4 0 4 1 0 9 11 3 5 7 13 2 6 10 14 4 8 12 15
4 0 4 1 5 9 11 3 6 7 13 2 0 10 14 4 8 12 15
2 0 2 1 5 9 11 3 6 0 13 2 7 10 14 4 8 12 15
2 0 2 1 5 0 11 3 6 9 13 2 7 10 14 4 8 12 15
2 0 2 1 5 9 11 3 6 10 13 2 7 0 14 4 8 12 15
2 0 2 1 5 9 0 3 6 11 13 2 7 10 14 4 8 12 15
2 0 2 1 5 9 11 3 6 10 13 2 7 12 14 4 8 0 15
2 0 2 1 5 9 13 3 6 11 0 2 7 10 14 4 8 12 15
2 0 2 1 5 9 13 3 6 11 14 2 7 10 0 4 8 12 15
2 0 2 1 5 9 13 3 6 11 14 2 7 10 15 4 8 12 0
3 0 3 1 5 11 0 3 6 9 13 2 7 10 14 4 8 12 15
3 0 3 1 5 9 13 3 6 0 11 2 7 10 14 4 8 12 15
3 0 3 1 5 11 13 3 6 9 0 2 7 10 14 4 8 12 15
3 0 3 1 5 0 13 3 6 9 11 2 7 10 14 4 8 12 15
3 0 3 1 5 9 13 3 6 10 11 2 7 0 14 4 8 12 15
1 0 1 1 5 9 13 3 6 10 0 2 7 11 14 4 8 12 15
1 0 1 1 5 9 0 3 6 10 13 2 7 11 14 4 8 12 15
1 0 1 1 5 9 13 3 6 10 14 2 7 11 0 4 8 12 15
1 0 1 1 5 9 13 3 6 10 14 2 7 11 15 4 8 12 0
3 0 3 1 5 11 13 3 6 9 14 2 7 10 0 4 8 12 15
3 0 3 1 5 9 13 3 6 10 11 2 7 12 14 4 8 0 15
3 0 3 1 5 9 15 3 6 10 13 2 7 11 14 4 8 12 0
3 0 3 1 5 9 10 3 6 0 13 2 7 11 14 4 8 12 15
3 0 3 1 5 9 13 3 6 10 14 2 7 11 12 4 8 0 15
3 0 3 1 5 9 0 3 6 10 14 2 7 11 15 4 8 12 13
3 0 3 1 5 11 13 3 6 9 14 2 7 10 15 4 8 12 0
3 0 3 1 5 9 15 3 6 10 13 2 7 11 0 4 8 12 14
3 0 3 1 5 0 10 3 6 9 13 2 7 11 14 4 8 12 15
2 0 2 1 5 10 0 3 6 9 13 2 7 11 14 4 8 12 15
2 0 2 1 5 10 13 3 6 9 0 2 7 11 14 4 8 12 15
2 0 2 1 5 10 13 3 6 9 14 2 7 11 0 4 8 12 15
2 0 2 1 5 10 13 3 6 9 14 2 7 11 15 4 8 12 0
3 0 3 1 5 9 10 3 6 11 13 2 7 0 14 4 8 12 15
3 0 3 1 5 9 13 3 6 10 14 2 7 0 12 4 8 11 15
2 0 2 1 5 9 13 3 6 10 14 2 7 12 0 4 8 11 15
2 0 2 1 5 9 13 3 6 10 0 2 7 12 14 4 8 11 15
2 0 2 1 5 9 13 3 6 10 14 2 7 12 15 4 8 11 0
2 0 2 1 5 9 0 3 6 10 13 2 7 12 14 4 8 11 15
2 0 2 1 5 9 13 3 6 10 12 2 7 0 14 4 8 11 15
2 0 2 1 5 9 13 3 6 0 12 2 7 10 14 4 8 11 15
2 0 2 1 5 9 13 3 6 10 12 2 7 11 14 4 8 0 15
2 0 2 1 5 0 13 3 6 9 12 2 7 10 14 4 8 11 15
3 0 3 1 5 9 14 3 6 10 0 2 7 11 15 4 8 12 13
3 0 3 1 5 9 15 3 6 10 0 2 7 11 13 4 8 12 14
3 0 3 1 5 9 10 3 6 11 13 2 7 12 14 4 8 0 15
3 0 3 1 5 9 13 3 6 0 14 2 7 10 12 4 8 11 15
3 0 3 1 5 9 13 3 6 12 0 2 7 10 14 4 8 11 15
3 0 3 1 5 9 14 3 6 10 15 2 7 11 0 4 8 12 13
3 0 3 1 5 9 0 3 6 10 15 2 7 11 13 4 8 12 14
3 0 3 1 5 0 13 3 6 9 14 2 7 10 12 4 8 11 15
3 0 3 1 5 9 13 3 6 12 14 2 7 10 0 4 8 11 15
3 0 3 1 5 9 0 3 6 12 13 2 7 10 14 4 8 11 15
1 0 1 1 5 9 12 3 6 0 13 2 7 10 14 4 8 11 15
1 0 1 1 5 0 12 3 6 9 13 2 7 10 14 4 8 11 15
1 0 1 1 5 9 12 3 6 10 13 2 7 0 14 4 8 11 15
1 0 1 1 5 9 12 3 6 10 13 2 7 11 14 4 8 0 15
3 0 3 1 5 9 13 3 6 12 14 2 7 10 15 4 8 11 0
3 0 3 1 5 9 12 3 6 7 13 2 0 10 14 4 8 11 15
3 0 3 1 5 11 12 3 6 9 13 2 7 10 14 4 8 0 15
3 0 3 1 5 6 12 3 0 9 13 2 7 10 14 4 8 11 15
3 0 3 1 5 9 14 3 6 10 15 2 7 11 13 4 8 12 0
3 0 3 1 5 9 12 3 6 10 0 2 7 13 14 4 8 11 15
3 0 3 1 5 9 12 3 6 10 13 2 7 8 14 4 0 11 15
3 0 3 1 5 0 12 3 6 10 13 2 7 11 14 4 8 9 15
3 0 3 1 5 9 12 3 6 10 13 2 7 11 0 4 8 14 15
3 0 3 1 5 9 12 3 0 7 13 2 6 10 14 4 8 11 15
2 0 2 1 5 9 12 3 7 0 13 2 6 10 14 4 8 11 15
2 0 2 1 5 0 12 3 7 9 13 2 6 10 14 4 8 11 15
2 0 2 1 5 9 12 3 7 10 13 2 6 0 14 4 8 11 15
2 0 2 1 5 7 12 3 0 9 13 2 6 10 14 4 8 11 15
2 0 2 1 5 9 12 3 7 10 13 2 6 11 14 4 8 0 15
2 0 2 1 0 7 12 3 5 9 13 2 6 10 14 4 8 11 15
2 0 2 1 5 7 12 3 6 9 13 2 0 10 14 4 8 11 15
2 0 2 1 3 7 12 0 5 9 13 2 6 10 14 4 8 11 15
2 0 2 1 5 7 12 3 6 9 13 2 8 10 14 4 0 11 15
2 0 2 0 3 7 12 1 5 9 13 2 6 10 14 4 8 11 15
2 0 2 1 3 7 12 2 5 9 13 0 6 10 14 4 8 11 15
2 0 2 1 3 7 12 2 5 9 13 4 6 10 14 0 8 11 15
3 0 3 1 5 9 12 3 6 7 13 2 8 10 14 4 0 11 15
3 0 3 1 5 11 12 3 6 9 13 2 7 0 14 4 8 10 15
3 0 3 1 0 6 12 3 5 9 13 2 7 10 14 4 8 11 15
2 0 2 1 6 0 12 3 5 9 13 2 7 10 14 4 8 11 15
2 0 2 1 6 9 12 3 5 0 13 2 7 10 14 4 8 11 15
2 0 2 1 6 9 12 3 5 10 13 2 7 0 14 4 8 11 15
2 0 2 1 6 9 12 3 5 10 13 2 7 11 14 4 8 0 15
3 0 3 1 5 9 0 3 6 10 12 2 7 13 14 4 8 11 15
3 0 3 1 5 9 12 3 6 10 14 2 7 13 0 4 8 11 15
2 0 2 1 5 9 12 3 6 10 14 2 7 0 13 4 8 11 15
2 0 2 1 5 9 12 3 6 0 14 2 7 10 13 4 8 11 15
2 0 2 1 5 9 12 3 6 10 14 2 7 11 13 4 8 0 15
2 0 2 1 5 0 12 3 6 9 14 2 7 10 13 4 8 11 15
2 0 2 1 5 9 12 3 6 10 14 2 7 11 0 4 8 13 15
2 0 2 1 5 9 12 3 6 10 0 2 7 11 14 4 8 13 15
2 0 2 1 5 9 12 3 6 10 14 2 7 11 15 4 8 13 0
2 0 2 1 5 9 0 3 6 10 12 2 7 11 14 4 8 13 15
3 0 3 1 5 7 12 0 3 9 13 2 6 10 14 4 8 11 15
3 0 3 3 0 7 12 1 5 9 13 2 6 10 14 4 8 11 15
3 0 3 1 7 0 12 3 5 9 13 2 6 10 14 4 8 11 15
3 0 3 1 5 11 12 3 6 0 13 2 7 9 14 4 8 10 15
3 0 3 1 3 6 12 0 5 9 13 2 7 10 14 4 8 11 15
3 0 3 1 5 9 12 3 6 10 14 2 7 13 15 4 8 11 0
3 0 3 1 5 9 12 3 6 10 14 2 7 11 15 4 8 0 13
3 0 3 0 5 7 12 1 3 9 13 2 6 10 14 4 8 11 15
3 0 3 3 5 7 12 1 0 9 13 2 6 10 14 4 8 11 15
3 0 3 1 7 9 12 3 5 0 13 2 6 10 14 4 8 11 15
3 0 3 1 5 0 12 3 6 11 13 2 7 9 14 4 8 10 15
3 0 3 0 3 6 12 1 5 9 13 2 7 10 14 4 8 11 15
3 0 3 1 3 6 12 2 5 9 13 0 7 10 14 4 8 11 15
3 0 3 1 5 9 12 3 6 10 14 2 7 0 15 4 8 11 13
3 0 3 1 5 7 12 2 3 9 13 0 6 10 14 4 8 11 15
1 0 1 1 5 7 12 2 0 9 13 3 6 10 14 4 8 11 15
1 0 1 1 0 7 12 2 5 9 13 3 6 10 14 4 8 11 15
1 0 1 1 5 7 12 2 6 9 13 3 0 10 14 4 8 11 15
1 0 1 1 5 0 12 2 7 9 13 3 6 10 14 4 8 11 15
1 0 1 1 5 7 12 2 6 9 13 3 8 10 14 4 0 11 15
1 0 1 1 5 9 12 2 7 0 13 3 6 10 14 4 8 11 15
1 0 1 1 5 9 12 2 7 10 13 3 6 0 14 4 8 11 15
1 0 1 1 5 9 12 2 7 10 13 3 6 11 14 4 8 0 15
2 0 2 1 7 0 12 2 5 9 13 3 6 10 14 4 8 11 15
2 0 2 1 5 9 12 2 0 7 13 3 6 10 14 4 8 11 15
2 0 2 1 7 9 12 2 5 0 13 3 6 10 14 4 8 11 15
2 0 2 1 0 9 12 2 5 7 13 3 6 10 14 4 8 11 15
2 0 2 1 5 9 12 2 6 7 13 3 0 10 14 4 8 11 15
0 0 0 1 5 9 12 2 6 0 13 3 7 10 14 4 8 11 15
0 0 0 1 5 0 12 2 6 9 13 3 7 10 14 4 8 11 15
0 0 0 1 5 9 12 2 6 10 13 3 7 0 14 4 8 11 15
0 0 0 1 5 9 12 2 6 10 13 3 7 11 14 4 8 0 15
2 0 2 1 7 9 12 2 5 10 13 3 6 0 14 4 8 11 15
2 0 2 1 5 9 12 2 6 7 13 3 8 10 14 4 0 11 15
2 0 2 1 5 9 0 2 6 12 13 3 7 10 14 4 8 11 15
2 0 2 1 5 11 12 2 6 9 13 3 7 10 14 4 8 0 15
2 0 2 1 5 6 12 2 0 9 13 3 7 10 14 4 8 11 15
2 0 2 1 5 9 12 2 6 10 0 3 7 13 14 4 8 11 15
2 0 2 1 5 9 12 2 6 10 13 3 7 8 14 4 0 11 15
2 0 2 1 5 0 12 2 6 10 13 3 7 11 14 4 8 9 15
2 0 2 1 5 9 12 2 6 10 13 3 7 11 0 4 8 14 15
2 0 2 1 7 9 12 2 5 10 13 3 6 11 14 4 8 0 15
2 0 2 1 5 9 13 2 6 12 0 3 7 10 14 4 8 11 15
1 0 1 1 5 9 13 2 6 0 12 3 7 10 14 4 8 11 15
1 0 1 1 5 0 13 2 6 9 12 3 7 10 14 4 8 11 15
1 0 1 1 5 9 13 2 6 10 12 3 7 0 14 4 8 11 15
1 0 1 1 5 9 13 2 6 10 12 3 7 11 14 4 8 0 15
1 0 1 1 5 9 13 2 6 10 0 3 7 12 14 4 8 11 15
1 0 1 1 5 9 0 2 6 10 13 3 7 12 14 4 8 11 15
1 0 1 1 5 9 13 2 6 10 14 3 7 12 0 4 8 11 15
1 0 1 1 5 9 13 2 6 10 14 3 7 12 15 4 8 11 0
2 0 2 1 5 11 12 2 6 9 13 3 7 0 14 4 8 10 15
2 0 2 1 0 6 12 2 5 9 13 3 7 10 14 4 8 11 15
1 0 1 1 6 0 12 2 5 9 13 3 7 10 14 4 8 11 15
1 0 1 1 6 9 12 2 5 0 13 3 7 10 14 4 8 11 15
1 0 1 1 6 9 12 2 5 10 13 3 7 0 14 4 8 11 15
1 0 1 1 6 9 12 2 5 10 13 3 7 11 14 4 8 0 15
2 0 2 1 5 6 12 2 7 9 13 3 0 10 14 4 8 11 15
2 0 2 1 5 9 0 2 6 10 12 3 7 13 14 4 8 11 15
2 0 2 1 5 9 12 2 6 10 14 3 7 13 0 4 8 11 15
1 0 1 1 5 9 12 2 6 10 14 3 7 0 13 4 8 11 15
1 0 1 1 5 9 12 2 6 0 14 3 7 10 13 4 8 11 15
1 0 1 1 5 9 12 2 6 10 14 3 7 11 13 4 8 0 15
1 0 1 1 5 0 12 2 6 9 14 3 7 10 13 4 8 11 15
1 0 1 1 5 9 12 2 6 10 14 3 7 11 0 4 8 13 15
1 0 1 1 5 9 12 2 6 10 0 3 7 11 14 4 8 13 15
1 0 1 1 5 9 12 2 6 10 14 3 7 11 15 4 8 13 0
1 0 1 1 5 9 0 2 6 10 12 3 7 11 14 4 8 13 15
2 0 2 1 5 9 13 2 6 10 14 3 7 0 12 4 8 11 15
2 0 2 1 5 11 12 2 6 0 13 3 7 9 14 4 8 10 15
2 0 2 1 5 10 12 2 6 0 13 3 7 11 14 4 8 9 15
2 0 2 1 5 6 12 2 7 9 13 3 8 10 14 4 0 11 15
2 0 2 1 5 9 12 2 6 10 0 3 7 11 13 4 8 14 15
2 0 2 1 5 9 12 2 6 10 14 3 7 13 15 4 8 11 0
2 0 2 1 5 10 12 2 6 11 13 3 7 0 14 4 8 9 15
2 0 2 1 5 9 12 2 6 10 14 3 7 11 15 4 8 0 13
2 0 2 1 5 9 0 2 6 10 12 3 7 11 13 4 8 14 15
2 0 2 1 5 9 12 2 6 10 14 3 7 0 15 4 8 11 13
2 0 2 1 5 10 12 2 6 11 13 3 7 9 14 4 8 0 15
2 0 2 1 5 9 13 2 6 0 14 3 7 10 12 4 8 11 15
2 0 2 1 5 9 13 2 6 10 14 3 7 11 12 4 8 0 15
0 0 0 1 5 9 13 2 6 10 14 3 7 11 0 4 8 12 15
0 0 0 1 5 9 13 2 6 10 0 3 7 11 14 4 8 12 15
