13 0 13 6 3 7 4 2 9 10 8 1 5 12 15 13 0 14 11
12 0 12 6 3 7 4 2 9 10 8 1 5 12 15 13 14 0 11
11 0 11 6 3 7 4 2 9 10 8 1 5 12 15 13 14 11 0
11 0 11 6 3 7 4 2 9 10 8 1 5 12 0 13 14 15 11
10 0 10 6 3 7 4 2 9 10 8 1 5 0 12 13 14 15 11
8 0 8 6 3 7 4 2 9 10 8 1 5 11 12 13 14 15 0
9 0 9 0 3 7 4 2 9 10 8 1 5 11 12 13 14 15 6
9 0 9 3 0 7 4 2 9 10 8 1 5 11 12 13 14 15 6
8 0 8 3 2 7 4 0 9 10 8 1 5 11 12 13 14 15 6
7 0 7 3 2 7 4 5 9 10 8 1 0 11 12 13 14 15 6
6 0 6 3 2 7 4 5 9 0 8 1 10 11 12 13 14 15 6
5 0 5 3 2 0 4 5 9 7 8 1 10 11 12 13 14 15 6
5 0 5 3 2 9 4 5 0 7 8 1 10 11 12 13 14 15 6
5 0 5 0 2 9 4 5 3 7 8 1 10 11 12 13 14 15 6
4 0 4 6 2 9 4 5 3 7 8 1 10 11 12 13 14 15 0
5 0 5 3 2 9 4 5 1 7 8 0 10 11 12 13 14 15 6
6 0 6 3 2 7 4 5 0 9 8 1 10 11 12 13 14 15 6
6 0 6 3 0 2 4 5 9 7 8 1 10 11 12 13 14 15 6
6 0 6 3 2 9 4 0 5 7 8 1 10 11 12 13 14 15 6
6 0 6 2 0 9 4 5 3 7 8 1 10 11 12 13 14 15 6
6 0 6 5 2 9 4 0 3 7 8 1 10 11 12 13 14 15 6
6 0 6 3 2 9 4 5 11 7 8 1 10 0 12 13 14 15 6
5 0 5 3 2 9 4 5 11 7 8 1 10 6 12 13 14 15 0
6 0 6 3 2 9 4 5 7 0 8 1 10 11 12 13 14 15 6
6 0 6 3 2 9 4 5 10 7 8 1 0 11 12 13 14 15 6
6 0 6 3 0 9 4 5 2 7 8 1 10 11 12 13 14 15 6
6 0 6 3 2 15 4 5 9 7 8 1 10 11 12 13 14 0 6
5 0 5 3 2 15 4 5 9 7 8 1 10 11 12 13 14 6 0
6 0 6 3 2 8 4 5 9 7 0 1 10 11 12 13 14 15 6
6 0 6 0 3 9 4 5 2 7 8 1 10 11 12 13 14 15 6
5 0 5 6 3 9 4 5 2 7 8 1 10 11 12 13 14 15 0
6 0 6 0 2 9 4 5 11 7 8 1 10 6 12 13 14 15 3
6 0 6 3 2 9 4 5 10 7 8 0 1 11 12 13 14 15 6
6 0 6 3 2 4 0 5 9 7 8 1 10 11 12 13 14 15 6
5 0 5 3 2 4 6 5 9 7 8 1 10 11 12 13 14 15 0
6 0 6 3 9 0 4 5 2 7 8 1 10 11 12 13 14 15 6
6 0 6 2 9 0 4 5 3 7 8 1 10 11 12 13 14 15 6
5 0 5 2 9 3 4 5 0 7 8 1 10 11 12 13 14 15 6
5 0 5 2 0 3 4 5 9 7 8 1 10 11 12 13 14 15 6
4 0 4 0 2 3 4 5 9 7 8 1 10 11 12 13 14 15 6
3 0 3 6 2 3 4 5 9 7 8 1 10 11 12 13 14 15 0
4 0 4 9 2 3 4 5 0 7 8 1 10 11 12 13 14 15 6
4 0 4 9 2 3 4 5 1 7 8 0 10 11 12 13 14 15 6
5 0 5 0 9 3 4 5 2 7 8 1 10 11 12 13 14 15 6
4 0 4 6 9 3 4 5 2 7 8 1 10 11 12 13 14 15 0
5 0 5 2 9 3 4 5 1 7 8 0 10 11 12 13 14 15 6
5 0 5 5 2 3 4 0 9 7 8 1 10 11 12 13 14 15 6
5 0 5 6 2 3 4 5 9 7 8 1 10 11 12 13 14 0 15
5 0 5 5 2 3 4 9 0 7 8 1 10 11 12 13 14 15 6
5 0 5 5 2 3 4 1 9 7 8 0 10 11 12 13 14 15 6
4 0 4 5 2 3 4 1 0 7 8 9 10 11 12 13 14 15 6
4 0 4 5 2 3 4 0 1 7 8 9 10 11 12 13 14 15 6
3 0 3 0 2 3 4 5 1 7 8 9 10 11 12 13 14 15 6
2 0 2 6 2 3 4 5 1 7 8 9 10 11 12 13 14 15 0
2 0 2 1 2 3 4 5 0 7 8 9 10 11 12 13 14 15 6
3 0 3 1 2 3 4 0 5 7 8 9 10 11 12 13 14 15 6
3 0 3 1 2 3 4 5 7 0 8 9 10 11 12 13 14 15 6
3 0 3 1 0 3 4 5 2 7 8 9 10 11 12 13 14 15 6
3 0 3 1 2 3 4 5 10 7 8 9 0 11 12 13 14 15 6
3 0 3 1 2 0 4 5 3 7 8 9 10 11 12 13 14 15 6
3 0 3 1 2 3 4 5 11 7 8 9 10 0 12 13 14 15 6
2 0 2 1 2 3 4 5 11 7 8 9 10 6 12 13 14 15 0
3 0 3 1 2 3 4 5 9 7 8 0 10 11 12 13 14 15 6
4 0 4 1 2 3 4 5 7 11 8 9 10 0 12 13 14 15 6
3 0 3 1 2 3 4 5 7 11 8 9 10 6 12 13 14 15 0
4 0 4 1 14 3 4 5 2 7 8 9 10 11 12 13 0 15 6
4 0 4 1 7 3 4 5 2 0 8 9 10 11 12 13 14 15 6
4 0 4 0 1 3 4 5 2 7 8 9 10 11 12 13 14 15 6
3 0 3 6 1 3 4 5 2 7 8 9 10 11 12 13 14 15 0
4 0 4 1 2 3 0 5 7 4 8 9 10 11 12 13 14 15 6
3 0 3 1 2 3 6 5 7 4 8 9 10 11 12 13 14 15 0
4 0 4 1 0 3 4 5 7 2 8 9 10 11 12 13 14 15 6
4 0 4 1 2 3 4 8 5 7 0 9 10 11 12 13 14 15 6
4 0 4 1 2 3 4 10 5 7 8 9 0 11 12 13 14 15 6
4 0 4 1 2 0 4 5 7 3 8 9 10 11 12 13 14 15 6
4 0 4 1 2 3 4 5 7 8 0 9 10 11 12 13 14 15 6
4 0 4 1 0 3 4 2 5 7 8 9 10 11 12 13 14 15 6
4 0 4 1 2 3 4 9 5 7 8 0 10 11 12 13 14 15 6
4 0 4 0 2 3 4 1 5 7 8 9 10 11 12 13 14 15 6
3 0 3 6 2 3 4 1 5 7 8 9 10 11 12 13 14 15 0
4 0 4 4 2 3 0 5 1 7 8 9 10 11 12 13 14 15 6
3 0 3 4 2 3 6 5 1 7 8 9 10 11 12 13 14 15 0
4 0 4 6 2 3 0 5 1 7 8 9 10 11 12 13 14 15 4
4 0 4 6 2 3 4 5 1 7 8 9 10 0 12 13 14 15 11
4 0 4 6 2 3 4 5 1 7 8 9 10 11 12 13 14 0 15
4 0 4 6 2 3 4 5 1 7 8 9 10 11 0 13 14 15 12
4 0 4 6 2 3 4 5 1 7 8 9 10 11 12 0 14 15 13
4 0 4 13 2 3 4 5 1 7 8 9 10 11 12 0 14 15 6
3 0 3 13 2 3 4 5 1 7 8 9 10 11 12 6 14 15 0
4 0 4 2 0 3 4 5 1 7 8 9 10 11 12 13 14 15 6
4 0 4 1 2 3 4 5 7 12 8 9 10 11 0 13 14 15 6
3 0 3 1 2 3 4 5 7 12 8 9 10 11 6 13 14 15 0
4 0 4 6 2 3 4 5 0 7 8 9 10 1 12 13 14 15 11
3 0 3 0 2 3 4 5 6 7 8 9 10 1 12 13 14 15 11
2 0 2 11 2 3 4 5 6 7 8 9 10 1 12 13 14 15 0
3 0 3 11 2 3 4 5 6 7 8 9 10 0 12 13 14 15 1
4 0 4 0 2 3 4 5 1 7 8 9 10 11 12 6 14 15 13
3 0 3 1 2 3 4 5 0 7 8 9 10 11 12 6 14 15 13
4 0 4 2 0 3 4 5 6 7 8 9 10 1 12 13 14 15 11
4 0 4 5 2 3 4 0 6 7 8 9 10 1 12 13 14 15 11
4 0 4 11 2 3 4 5 6 7 8 9 10 15 12 13 14 0 1
3 0 3 11 2 3 4 5 6 7 8 9 10 15 12 13 14 1 0
4 0 4 11 2 3 4 5 6 7 0 9 10 8 12 13 14 15 1
4 0 4 11 2 3 4 5 0 7 8 9 10 6 12 13 14 15 1
4 0 4 1 0 3 4 5 2 7 8 9 10 11 12 6 14 15 13
4 0 4 1 2 3 4 5 9 7 8 0 10 11 12 6 14 15 13
4 0 4 0 2 3 4 5 6 7 8 9 10 15 12 13 14 1 11
4 0 4 11 2 3 4 5 6 7 8 9 10 0 12 13 14 1 15
4 0 4 1 2 3 4 5 9 7 8 6 10 11 12 0 14 15 13
2 0 2 1 2 3 4 5 9 7 8 6 10 11 12 13 14 15 0
4 0 4 1 2 3 4 5 10 7 8 9 0 11 12 6 14 15 13
4 0 4 1 2 0 4 5 3 7 8 9 10 11 12 6 14 15 13
4 0 4 1 2 3 4 5 9 7 8 6 10 11 12 13 14 0 15
4 0 4 1 2 3 4 5 9 7 8 6 10 11 0 13 14 15 12
4 0 4 1 2 3 4 5 10 7 8 9 6 11 12 0 14 15 13
2 0 2 1 2 3 4 5 10 7 8 9 6 11 12 13 14 15 0
4 0 4 1 2 3 0 5 9 7 8 6 10 11 12 13 14 15 4
4 0 4 0 2 3 4 5 9 7 8 6 10 11 12 13 14 15 1
4 0 4 1 2 3 4 5 9 7 8 0 10 11 6 13 14 15 12
3 0 3 1 2 3 4 5 0 7 8 9 10 11 6 13 14 15 12
4 0 4 1 2 3 4 5 10 7 8 9 6 11 0 13 14 15 12
4 0 4 1 2 3 4 5 10 7 8 9 6 0 12 13 14 15 11
4 0 4 1 2 3 0 5 10 7 8 9 6 11 12 13 14 15 4
4 0 4 0 2 3 4 5 10 7 8 9 6 11 12 13 14 15 1
4 0 4 1 2 3 4 5 9 7 8 6 10 0 12 13 14 15 11
4 0 4 1 2 3 4 5 11 7 8 9 10 0 12 6 14 15 13
3 0 3 1 2 3 4 5 11 7 8 9 10 13 12 6 14 15 0
4 0 4 1 2 3 4 0 5 7 8 9 10 11 12 6 14 15 13
4 0 4 1 2 3 4 5 7 0 8 9 10 11 12 6 14 15 13
4 0 4 4 2 3 0 5 6 7 8 9 10 1 12 13 14 15 11
3 0 3 4 2 3 11 5 6 7 8 9 10 1 12 13 14 15 0
4 0 4 11 2 3 4 5 6 7 8 9 10 1 12 13 14 0 15
4 0 4 11 2 3 0 5 6 7 8 9 10 1 12 13 14 15 4
4 0 4 11 2 3 4 5 6 7 8 9 10 12 0 13 14 15 1
3 0 3 11 2 3 4 5 6 7 8 9 10 12 1 13 14 15 0
4 0 4 11 2 3 4 5 6 7 8 9 0 10 12 13 14 15 1
4 0 4 11 2 3 4 5 6 7 8 9 10 1 0 13 14 15 12
4 0 4 11 2 3 4 5 6 7 8 9 10 1 12 0 14 15 13
4 0 4 11 2 3 4 5 6 0 8 9 10 7 12 13 14 15 1
4 0 4 1 2 3 4 10 0 7 8 9 5 11 12 13 14 15 6
4 0 4 1 2 7 4 5 0 3 8 9 10 11 12 13 14 15 6
4 0 4 1 5 3 4 2 0 7 8 9 10 11 12 13 14 15 6
4 0 4 1 2 3 4 9 0 7 8 5 10 11 12 13 14 15 6
4 0 4 13 2 3 4 5 6 7 8 9 10 1 12 0 14 15 11
3 0 3 13 2 3 4 5 6 7 8 9 10 1 12 11 14 15 0
4 0 4 11 2 3 4 5 6 7 8 9 10 14 12 13 0 15 1
4 0 4 1 5 3 4 0 2 7 8 9 10 11 12 13 14 15 6
4 0 4 2 1 3 4 5 0 7 8 9 10 11 12 13 14 15 6
4 0 4 1 2 3 4 5 7 10 8 9 0 11 12 13 14 15 6
4 0 4 13 2 3 4 5 6 7 8 9 10 0 12 11 14 15 1
4 0 4 0 2 3 4 5 6 7 8 9 10 1 12 11 14 15 13
4 0 4 1 2 3 4 5 0 10 8 9 7 11 12 13 14 15 6
4 0 4 1 7 3 4 5 0 2 8 9 10 11 12 13 14 15 6
4 0 4 0 2 3 4 5 6 7 8 9 10 12 1 13 14 15 11
4 0 4 11 2 3 4 5 6 7 8 9 10 0 1 13 14 15 12
4 0 4 1 2 3 4 5 10 7 8 9 6 11 12 13 14 0 15
4 0 4 0 2 3 6 5 1 7 8 9 10 11 12 13 14 15 4
3 0 3 1 2 3 6 5 0 7 8 9 10 11 12 13 14 15 4
4 0 4 1 3 0 4 5 2 7 8 9 10 11 12 13 14 15 6
4 0 4 1 2 3 4 5 10 7 8 9 0 11 12 13 14 6 15
3 0 3 1 2 3 4 5 0 7 8 9 10 11 12 13 14 6 15
4 0 4 1 2 3 6 0 5 7 8 9 10 11 12 13 14 15 4
4 0 4 1 2 3 6 5 7 0 8 9 10 11 12 13 14 15 4
4 0 4 1 0 3 6 5 2 7 8 9 10 11 12 13 14 15 4
4 0 4 1 2 3 4 5 7 0 8 9 10 11 12 13 14 6 15
4 0 4 1 0 3 4 5 2 7 8 9 10 11 12 13 14 6 15
4 0 4 1 2 0 4 5 3 7 8 9 10 11 12 13 14 6 15
4 0 4 1 2 3 4 5 11 7 8 9 10 0 12 13 14 6 15
3 0 3 1 2 3 4 5 11 7 8 9 10 15 12 13 14 6 0
4 0 4 0 2 3 4 5 1 7 8 9 10 11 12 13 14 6 15
3 0 3 15 2 3 4 5 1 7 8 9 10 11 12 13 14 6 0
4 0 4 1 2 3 0 5 7 6 8 9 10 11 12 13 14 15 4
2 0 2 1 2 3 4 5 7 6 8 9 10 11 12 13 14 15 0
4 0 4 1 2 3 4 5 9 7 8 0 10 11 12 13 14 6 15
4 0 4 1 2 6 4 5 3 7 8 9 10 11 12 13 14 0 15
2 0 2 1 2 6 4 5 3 7 8 9 10 11 12 13 14 15 0
4 0 4 15 2 3 4 5 1 7 8 9 10 11 12 13 14 0 6
4 0 4 1 2 6 4 5 3 7 8 9 10 11 0 13 14 15 12
4 0 4 1 2 6 4 5 3 7 8 9 10 11 12 0 14 15 13
4 0 4 1 2 6 0 5 3 7 8 9 10 11 12 13 14 15 4
4 0 4 0 2 6 4 5 3 7 8 9 10 11 12 13 14 15 1
4 0 4 1 2 6 4 5 3 7 8 9 10 0 12 13 14 15 11
4 0 4 3 2 6 4 5 0 7 8 9 10 11 12 13 14 15 1
3 0 3 3 2 0 4 5 6 7 8 9 10 11 12 13 14 15 1
4 0 4 1 2 6 4 5 0 7 8 9 10 3 12 13 14 15 11
3 0 3 1 2 0 4 5 6 7 8 9 10 3 12 13 14 15 11
4 0 4 3 0 2 4 5 6 7 8 9 10 11 12 13 14 15 1
4 0 4 3 2 4 0 5 6 7 8 9 10 11 12 13 14 15 1
3 0 3 3 2 4 1 5 6 7 8 9 10 11 12 13 14 15 0
4 0 4 3 2 7 4 5 6 0 8 9 10 11 12 13 14 15 1
4 0 4 3 2 15 4 5 6 7 8 9 10 11 12 13 14 0 1
3 0 3 3 2 15 4 5 6 7 8 9 10 11 12 13 14 1 0
4 0 4 3 2 8 4 5 6 7 0 9 10 11 12 13 14 15 1
4 0 4 1 2 7 4 5 6 0 8 9 10 3 12 13 14 15 11
4 0 4 1 2 15 4 5 6 7 8 9 10 3 12 13 14 0 11
3 0 3 1 2 15 4 5 6 7 8 9 10 3 12 13 14 11 0
4 0 4 0 2 15 4 5 6 7 8 9 10 11 12 13 14 1 3
4 0 4 1 2 8 4 5 6 7 0 9 10 3 12 13 14 15 11
4 0 4 1 2 7 4 5 6 3 8 9 10 0 12 13 14 15 11
2 0 2 1 2 7 4 5 6 3 8 9 10 11 12 13 14 15 0
4 0 4 1 2 15 4 5 6 7 8 9 10 0 12 13 14 3 11
2 0 2 1 2 15 4 5 6 7 8 9 10 11 12 13 14 3 0
3 0 3 1 2 15 4 5 6 7 8 9 10 11 12 13 14 0 3
2 0 2 1 2 0 4 5 6 7 8 9 10 11 12 13 14 15 3
3 0 3 1 0 2 4 5 6 7 8 9 10 11 12 13 14 15 3
3 0 3 1 2 4 0 5 6 7 8 9 10 11 12 13 14 15 3
2 0 2 1 2 4 3 5 6 7 8 9 10 11 12 13 14 15 0
3 0 3 1 2 8 4 5 6 7 0 9 10 11 12 13 14 15 3
3 0 3 1 2 6 4 5 0 7 8 9 10 11 12 13 14 15 3
3 0 3 1 2 7 4 5 6 0 8 9 10 11 12 13 14 15 3
4 0 4 0 1 2 4 5 6 7 8 9 10 11 12 13 14 15 3
3 0 3 3 1 2 4 5 6 7 8 9 10 11 12 13 14 15 0
4 0 4 1 6 2 4 5 0 7 8 9 10 11 12 13 14 15 3
4 0 4 1 14 2 4 5 6 7 8 9 10 11 12 13 0 15 3
4 0 4 1 2 4 7 5 6 0 8 9 10 11 12 13 14 15 3
4 0 4 1 2 6 4 5 7 0 8 9 10 11 12 13 14 15 3
4 0 4 1 0 6 4 5 2 7 8 9 10 11 12 13 14 15 3
4 0 4 1 6 0 4 5 2 7 8 9 10 11 12 13 14 15 3
4 0 4 1 2 7 0 5 6 4 8 9 10 11 12 13 14 15 3
3 0 3 1 2 7 3 5 6 4 8 9 10 11 12 13 14 15 0
4 0 4 1 2 0 7 5 6 4 8 9 10 11 12 13 14 15 3
4 0 4 1 2 0 4 5 7 6 8 9 10 11 12 13 14 15 3
4 0 4 1 2 7 4 5 6 12 8 9 10 11 0 13 14 15 3
3 0 3 1 2 7 4 5 6 12 8 9 10 11 3 13 14 15 0
4 0 4 1 0 7 4 5 6 2 8 9 10 11 12 13 14 15 3
4 0 4 1 2 7 4 5 6 10 8 9 0 11 12 13 14 15 3
4 0 4 0 2 6 4 5 1 7 8 9 10 11 12 13 14 15 3
3 0 3 3 2 6 4 5 1 7 8 9 10 11 12 13 14 15 0
4 0 4 1 2 6 4 5 9 7 8 0 10 11 12 13 14 15 3
4 0 4 1 7 0 4 5 6 2 8 9 10 11 12 13 14 15 3
4 0 4 1 2 7 4 5 6 8 0 9 10 11 12 13 14 15 3
4 0 4 1 2 7 4 5 6 11 8 9 10 0 12 13 14 15 3
3 0 3 1 2 7 4 5 6 11 8 9 10 3 12 13 14 15 0
4 0 4 1 2 7 4 5 0 6 8 9 10 11 12 13 14 15 3
4 0 4 1 2 6 4 5 10 7 8 9 0 11 12 13 14 15 3
4 0 4 1 2 0 4 5 6 8 7 9 10 11 12 13 14 15 3
4 0 4 1 2 6 4 5 11 7 8 9 10 0 12 13 14 15 3
3 0 3 1 2 6 4 5 11 7 8 9 10 3 12 13 14 15 0
4 0 4 1 2 8 0 5 6 7 4 9 10 11 12 13 14 15 3
3 0 3 1 2 8 3 5 6 7 4 9 10 11 12 13 14 15 0
4 0 4 1 2 8 4 5 6 7 11 9 10 0 12 13 14 15 3
3 0 3 1 2 8 4 5 6 7 11 9 10 3 12 13 14 15 0
4 0 4 1 2 8 4 5 6 7 12 9 10 11 0 13 14 15 3
3 0 3 1 2 8 4 5 6 7 12 9 10 11 3 13 14 15 0
4 0 4 1 2 4 3 5 6 7 8 9 10 11 12 0 14 15 13
4 0 4 1 2 8 4 5 6 0 7 9 10 11 12 13 14 15 3
4 0 4 1 7 2 4 5 6 0 8 9 10 11 12 13 14 15 3
4 0 4 1 5 2 4 0 6 7 8 9 10 11 12 13 14 15 3
4 0 4 1 2 4 8 5 6 7 0 9 10 11 12 13 14 15 3
4 0 4 1 2 4 13 5 6 7 8 9 10 11 12 0 14 15 3
3 0 3 1 2 4 13 5 6 7 8 9 10 11 12 3 14 15 0
4 0 4 1 2 8 4 5 6 7 3 9 10 0 12 13 14 15 11
2 0 2 1 2 8 4 5 6 7 3 9 10 11 12 13 14 15 0
4 0 4 1 2 7 4 5 6 3 8 9 10 11 0 13 14 15 12
4 0 4 0 2 7 4 5 6 3 8 9 10 11 12 13 14 15 1
4 0 4 1 2 15 4 5 6 7 8 9 10 11 12 0 14 3 13
4 0 4 1 2 15 4 5 6 7 8 9 10 11 0 13 14 12 3
3 0 3 1 2 15 4 5 6 7 8 9 10 11 3 13 14 12 0
4 0 4 1 2 15 4 5 6 7 8 9 0 11 12 13 14 10 3
4 0 4 1 2 15 0 5 6 7 8 9 10 11 12 13 14 3 4
4 0 4 0 2 15 4 5 6 7 8 9 10 11 12 13 14 3 1
4 0 4 1 2 15 4 5 6 7 8 9 10 11 12 13 0 14 3
4 0 4 0 2 8 4 5 6 7 3 9 10 11 12 13 14 15 1
4 0 4 1 2 15 4 5 6 7 8 9 10 11 0 13 14 3 12
4 0 4 1 2 7 4 5 6 3 8 9 10 11 12 0 14 15 13
4 0 4 1 2 7 0 5 6 3 8 9 10 11 12 13 14 15 4
4 0 4 0 2 4 1 5 6 7 8 9 10 11 12 13 14 15 3
4 0 4 0 3 2 4 5 6 7 8 9 10 11 12 13 14 15 1
2 0 2 1 3 2 4 5 6 7 8 9 10 11 12 13 14 15 0
4 0 4 1 0 2 4 5 6 7 8 9 10 3 12 13 14 15 11
4 0 4 1 2 4 0 5 6 7 8 9 10 3 12 13 14 15 11
3 0 3 1 2 4 11 5 6 7 8 9 10 3 12 13 14 15 0
4 0 4 0 2 4 3 5 6 7 8 9 10 11 12 13 14 15 1
4 0 4 1 2 3 4 5 7 6 8 9 10 11 12 0 14 15 13
4 0 4 0 2 3 4 5 7 6 8 9 10 11 12 13 14 15 1
4 0 4 1 2 3 4 5 7 6 8 9 10 0 12 13 14 15 11
4 0 4 1 2 3 6 5 10 7 8 9 0 11 12 13 14 15 4
4 0 4 1 2 0 6 5 3 7 8 9 10 11 12 13 14 15 4
4 0 4 1 3 2 4 5 0 7 8 9 10 11 12 13 14 15 6
4 0 4 1 2 3 4 0 5 7 8 9 10 11 12 13 14 6 15
4 0 4 1 2 3 6 5 11 7 8 9 10 0 12 13 14 15 4
3 0 3 1 2 3 6 5 11 7 8 9 10 4 12 13 14 15 0
4 0 4 1 2 3 6 5 9 7 8 0 10 11 12 13 14 15 4
4 0 4 1 2 3 4 5 7 6 8 9 10 11 0 13 14 15 12
4 0 4 1 2 4 3 5 6 7 8 9 10 0 12 13 14 15 11
4 0 4 1 2 7 4 5 6 3 8 9 10 11 12 13 14 0 15
4 0 4 1 2 3 0 5 11 7 8 9 10 4 12 13 14 15 6
4 0 4 7 2 3 4 5 0 6 8 9 10 11 12 13 14 15 1
3 0 3 7 2 3 4 5 6 0 8 9 10 11 12 13 14 15 1
4 0 4 1 2 3 4 5 7 0 8 9 10 6 12 13 14 15 11
3 0 3 1 2 3 4 5 0 7 8 9 10 6 12 13 14 15 11
2 0 2 1 2 3 4 5 6 7 8 9 10 0 12 13 14 15 11
