0 0 6 3 7 4 2 9 10 8 1 5 12 15 13 0 14 11
13 1 6 3 7 4 2 9 10 8 1 5 12 15 0 13 14 11
4 3 6 3 7 0 2 9 10 8 1 5 12 15 4 13 14 11
11 2 6 3 7 11 2 9 10 8 1 5 12 15 4 13 14 0
14 1 6 3 7 11 2 9 10 8 1 5 12 15 4 13 0 14
13 1 6 3 7 11 2 9 10 8 1 5 12 15 4 0 13 14
5 1 6 3 7 11 2 9 10 8 1 0 12 15 4 5 13 14
9 1 6 3 7 11 2 0 10 8 1 9 12 15 4 5 13 14
6 3 0 3 7 11 2 6 10 8 1 9 12 15 4 5 13 14
2 1 2 3 7 11 0 6 10 8 1 9 12 15 4 5 13 14
3 3 2 0 7 11 3 6 10 8 1 9 12 15 4 5 13 14
5 2 2 5 7 11 3 6 10 8 1 9 12 15 4 0 13 14
9 1 2 5 7 11 3 6 10 8 1 0 12 15 4 9 13 14
6 1 2 5 7 11 3 0 10 8 1 6 12 15 4 9 13 14
7 3 2 5 0 11 3 7 10 8 1 6 12 15 4 9 13 14
8 3 2 5 8 11 3 7 10 0 1 6 12 15 4 9 13 14
12 3 2 5 8 11 3 7 10 12 1 6 0 15 4 9 13 14
9 3 2 5 8 11 3 7 10 12 1 6 9 15 4 0 13 14
6 1 2 5 8 11 3 7 10 12 1 0 9 15 4 6 13 14
7 1 2 5 8 11 3 0 10 12 1 7 9 15 4 6 13 14
5 1 2 0 8 11 3 5 10 12 1 7 9 15 4 6 13 14
3 3 2 3 8 11 0 5 10 12 1 7 9 15 4 6 13 14
1 1 2 3 8 11 1 5 10 12 0 7 9 15 4 6 13 14
4 1 2 3 8 11 1 5 10 12 4 7 9 15 0 6 13 14
2 2 0 3 8 11 1 5 10 12 4 7 9 15 2 6 13 14
1 1 1 3 8 11 0 5 10 12 4 7 9 15 2 6 13 14
3 3 1 0 8 11 3 5 10 12 4 7 9 15 2 6 13 14
6 2 1 6 8 11 3 5 10 12 4 7 9 15 2 0 13 14
7 1 1 6 8 11 3 5 10 12 4 0 9 15 2 7 13 14
5 1 1 6 8 11 3 0 10 12 4 5 9 15 2 7 13 14
4 3 1 6 8 11 3 4 10 12 0 5 9 15 2 7 13 14
2 1 1 6 8 11 3 4 10 12 2 5 9 15 0 7 13 14
5 3 1 6 8 11 3 4 10 12 2 0 9 15 5 7 13 14
4 1 1 6 8 11 3 0 10 12 2 4 9 15 5 7 13 14
6 1 1 0 8 11 3 6 10 12 2 4 9 15 5 7 13 14
3 3 1 3 8 11 0 6 10 12 2 4 9 15 5 7 13 14
2 1 1 3 8 11 2 6 10 12 0 4 9 15 5 7 13 14
4 1 1 3 8 11 2 6 10 12 4 0 9 15 5 7 13 14
6 1 1 3 8 11 2 0 10 12 4 6 9 15 5 7 13 14
4 3 1 3 8 11 2 4 10 12 0 6 9 15 5 7 13 14
2 1 1 3 8 11 0 4 10 12 2 6 9 15 5 7 13 14
3 3 1 0 8 11 3 4 10 12 2 6 9 15 5 7 13 14
4 1 1 4 8 11 3 0 10 12 2 6 9 15 5 7 13 14
6 1 1 4 8 11 3 6 10 12 2 0 9 15 5 7 13 14
5 3 1 4 8 11 3 6 10 12 2 5 9 15 0 7 13 14
2 1 1 4 8 11 3 6 10 12 0 5 9 15 2 7 13 14
3 1 1 4 8 11 0 6 10 12 3 5 9 15 2 7 13 14
1 1 0 4 8 11 1 6 10 12 3 5 9 15 2 7 13 14
2 2 2 4 8 11 1 6 10 12 3 5 9 15 0 7 13 14
5 3 2 4 8 11 1 6 10 12 3 0 9 15 5 7 13 14
7 1 2 4 8 11 1 6 10 12 3 7 9 15 5 0 13 14
9 3 2 4 8 11 1 6 10 12 3 7 0 15 5 9 13 14
10 1 2 4 8 11 1 6 0 12 3 7 10 15 5 9 13 14
11 3 2 4 8 0 1 6 11 12 3 7 10 15 5 9 13 14
12 1 2 4 8 12 1 6 11 0 3 7 10 15 5 9 13 14
15 1 2 4 8 12 1 6 11 15 3 7 10 0 5 9 13 14
13 3 2 4 8 12 1 6 11 15 3 7 10 13 5 9 0 14
10 1 2 4 8 12 1 6 11 15 3 7 0 13 5 9 10 14
11 1 2 4 8 12 1 6 0 15 3 7 11 13 5 9 10 14
8 1 2 4 0 12 1 6 8 15 3 7 11 13 5 9 10 14
10 2 2 4 10 12 1 6 8 15 3 7 11 13 5 9 0 14
13 3 2 4 10 12 1 6 8 15 3 7 11 0 5 9 13 14
15 1 2 4 10 12 1 6 8 0 3 7 11 15 5 9 13 14
12 1 2 4 10 0 1 6 8 12 3 7 11 15 5 9 13 14
14 2 2 4 10 14 1 6 8 12 3 7 11 15 5 9 13 0
15 1 2 4 10 14 1 6 8 12 3 7 11 0 5 9 13 15
13 3 2 4 10 14 1 6 8 12 3 7 11 13 5 9 0 15
10 2 2 4 0 14 1 6 8 12 3 7 11 13 5 9 10 15
8 1 2 4 8 14 1 6 0 12 3 7 11 13 5 9 10 15
11 1 2 4 8 14 1 6 11 12 3 7 0 13 5 9 10 15
12 3 2 4 8 14 1 6 11 0 3 7 12 13 5 9 10 15
14 1 2 4 8 0 1 6 11 14 3 7 12 13 5 9 10 15
11 3 2 4 8 11 1 6 0 14 3 7 12 13 5 9 10 15
12 1 2 4 8 11 1 6 12 14 3 7 0 13 5 9 10 15
10 1 2 4 8 11 1 6 12 14 3 7 10 13 5 9 0 15
13 3 2 4 8 11 1 6 12 14 3 7 10 0 5 9 13 15
14 1 2 4 8 11 1 6 12 0 3 7 10 14 5 9 13 15
12 1 2 4 8 11 1 6 0 12 3 7 10 14 5 9 13 15
11 3 2 4 8 0 1 6 11 12 3 7 10 14 5 9 13 15
12 1 2 4 8 12 1 6 11 0 3 7 10 14 5 9 13 15
14 1 2 4 8 12 1 6 11 14 3 7 10 0 5 9 13 15
13 3 2 4 8 12 1 6 11 14 3 7 10 13 5 9 0 15
10 1 2 4 8 12 1 6 11 14 3 7 0 13 5 9 10 15
9 3 2 4 8 12 1 6 11 14 3 7 9 13 5 0 10 15
7 1 2 4 8 12 1 6 11 14 3 0 9 13 5 7 10 15
5 3 2 4 8 12 1 6 11 14 3 5 9 13 0 7 10 15
2 2 0 4 8 12 1 6 11 14 3 5 9 13 2 7 10 15
1 1 1 4 8 12 0 6 11 14 3 5 9 13 2 7 10 15
3 1 1 4 8 12 3 6 11 14 0 5 9 13 2 7 10 15
2 1 1 4 8 12 3 6 11 14 2 5 9 13 0 7 10 15
5 3 1 4 8 12 3 6 11 14 2 0 9 13 5 7 10 15
6 1 1 4 8 12 3 0 11 14 2 6 9 13 5 7 10 15
4 1 1 0 8 12 3 4 11 14 2 6 9 13 5 7 10 15
3 3 1 3 8 12 0 4 11 14 2 6 9 13 5 7 10 15
2 1 1 3 8 12 2 4 11 14 0 6 9 13 5 7 10 15
4 3 1 3 8 12 2 0 11 14 4 6 9 13 5 7 10 15
6 1 1 3 8 12 2 6 11 14 4 0 9 13 5 7 10 15
5 3 1 3 8 12 2 6 11 14 4 5 9 13 0 7 10 15
4 1 1 3 8 12 2 6 11 14 0 5 9 13 4 7 10 15
2 1 1 3 8 12 0 6 11 14 2 5 9 13 4 7 10 15
3 3 1 0 8 12 3 6 11 14 2 5 9 13 4 7 10 15
6 1 1 6 8 12 3 0 11 14 2 5 9 13 4 7 10 15
5 1 1 6 8 12 3 5 11 14 2 0 9 13 4 7 10 15
7 1 1 6 8 12 3 5 11 14 2 7 9 13 4 0 10 15
6 2 1 0 8 12 3 5 11 14 2 7 9 13 4 6 10 15
5 1 1 5 8 12 3 0 11 14 2 7 9 13 4 6 10 15
7 1 1 5 8 12 3 7 11 14 2 0 9 13 4 6 10 15
6 1 1 5 8 12 3 7 11 14 2 6 9 13 4 0 10 15
9 3 1 5 8 12 3 7 11 14 2 6 0 13 4 9 10 15
11 1 1 5 8 12 3 7 0 14 2 6 11 13 4 9 10 15
8 1 1 5 0 12 3 7 8 14 2 6 11 13 4 9 10 15
10 2 1 5 10 12 3 7 8 14 2 6 11 13 4 9 0 15
11 1 1 5 10 12 3 7 8 14 2 6 0 13 4 9 11 15
8 1 1 5 10 12 3 7 0 14 2 6 8 13 4 9 11 15
10 1 1 5 0 12 3 7 10 14 2 6 8 13 4 9 11 15
7 3 1 5 7 12 3 0 10 14 2 6 8 13 4 9 11 15
6 1 1 5 7 12 3 6 10 14 2 0 8 13 4 9 11 15
8 1 1 5 7 12 3 6 10 14 2 8 0 13 4 9 11 15
9 3 1 5 7 12 3 6 10 14 2 8 9 13 4 0 11 15
8 1 1 5 7 12 3 6 10 14 2 0 9 13 4 8 11 15
6 1 1 5 7 12 3 0 10 14 2 6 9 13 4 8 11 15
7 3 1 5 0 12 3 7 10 14 2 6 9 13 4 8 11 15
10 1 1 5 10 12 3 7 0 14 2 6 9 13 4 8 11 15
9 1 1 5 10 12 3 7 9 14 2 6 0 13 4 8 11 15
11 1 1 5 10 12 3 7 9 14 2 6 11 13 4 8 0 15
10 2 1 5 0 12 3 7 9 14 2 6 11 13 4 8 10 15
9 1 1 5 9 12 3 7 0 14 2 6 11 13 4 8 10 15
11 1 1 5 9 12 3 7 11 14 2 6 0 13 4 8 10 15
10 1 1 5 9 12 3 7 11 14 2 6 10 13 4 8 0 15
13 3 1 5 9 12 3 7 11 14 2 6 10 0 4 8 13 15
14 1 1 5 9 12 3 7 11 0 2 6 10 14 4 8 13 15
12 1 1 5 9 0 3 7 11 12 2 6 10 14 4 8 13 15
11 3 1 5 9 11 3 7 0 12 2 6 10 14 4 8 13 15
10 1 1 5 9 11 3 7 10 12 2 6 0 14 4 8 13 15
12 3 1 5 9 11 3 7 10 0 2 6 12 14 4 8 13 15
14 1 1 5 9 11 3 7 10 14 2 6 12 0 4 8 13 15
15 1 1 5 9 11 3 7 10 14 2 6 12 15 4 8 13 0
13 1 1 5 9 11 3 7 10 14 2 6 12 15 4 8 0 13
12 1 1 5 9 11 3 7 10 14 2 6 0 15 4 8 12 13
10 1 1 5 9 11 3 7 0 14 2 6 10 15 4 8 12 13
11 3 1 5 9 0 3 7 11 14 2 6 10 15 4 8 12 13
13 2 1 5 9 13 3 7 11 14 2 6 10 15 4 8 12 0
15 1 1 5 9 13 3 7 11 14 2 6 10 0 4 8 12 15
14 1 1 5 9 13 3 7 11 0 2 6 10 14 4 8 12 15
13 1 1 5 9 0 3 7 11 13 2 6 10 14 4 8 12 15
11 3 1 5 9 11 3 7 0 13 2 6 10 14 4 8 12 15
7 1 1 5 9 11 3 0 7 13 2 6 10 14 4 8 12 15
6 1 1 5 9 11 3 6 7 13 2 0 10 14 4 8 12 15
7 3 1 5 9 11 3 6 0 13 2 7 10 14 4 8 12 15
11 3 1 5 9 0 3 6 11 13 2 7 10 14 4 8 12 15
13 1 1 5 9 13 3 6 11 0 2 7 10 14 4 8 12 15
11 1 1 5 9 13 3 6 0 11 2 7 10 14 4 8 12 15
10 1 1 5 9 13 3 6 10 11 2 7 0 14 4 8 12 15
11 3 1 5 9 13 3 6 10 0 2 7 11 14 4 8 12 15
14 1 1 5 9 13 3 6 10 14 2 7 11 0 4 8 12 15
12 3 1 5 9 13 3 6 10 14 2 7 11 12 4 8 0 15
11 1 1 5 9 13 3 6 10 14 2 7 0 12 4 8 11 15
12 1 1 5 9 13 3 6 10 14 2 7 12 0 4 8 11 15
14 1 1 5 9 13 3 6 10 0 2 7 12 14 4 8 11 15
12 3 1 5 9 13 3 6 10 12 2 7 0 14 4 8 11 15
10 1 1 5 9 13 3 6 0 12 2 7 10 14 4 8 11 15
12 1 1 5 9 13 3 6 12 0 2 7 10 14 4 8 11 15
13 1 1 5 9 0 3 6 12 13 2 7 10 14 4 8 11 15
12 3 1 5 9 12 3 6 0 13 2 7 10 14 4 8 11 15
7 3 1 5 9 12 3 6 7 13 2 0 10 14 4 8 11 15
6 1 1 5 9 12 3 0 7 13 2 6 10 14 4 8 11 15
7 1 1 5 9 12 3 7 0 13 2 6 10 14 4 8 11 15
9 1 1 5 0 12 3 7 9 13 2 6 10 14 4 8 11 15
7 3 1 5 7 12 3 0 9 13 2 6 10 14 4 8 11 15
3 1 1 5 7 12 0 3 9 13 2 6 10 14 4 8 11 15
2 1 1 5 7 12 2 3 9 13 0 6 10 14 4 8 11 15
3 3 1 5 7 12 2 0 9 13 3 6 10 14 4 8 11 15
7 3 1 5 0 12 2 7 9 13 3 6 10 14 4 8 11 15
9 1 1 5 9 12 2 7 0 13 3 6 10 14 4 8 11 15
7 1 1 5 9 12 2 0 7 13 3 6 10 14 4 8 11 15
6 1 1 5 9 12 2 6 7 13 3 0 10 14 4 8 11 15
7 3 1 5 9 12 2 6 0 13 3 7 10 14 4 8 11 15
12 3 1 5 9 0 2 6 12 13 3 7 10 14 4 8 11 15
13 1 1 5 9 13 2 6 12 0 3 7 10 14 4 8 11 15
12 1 1 5 9 13 2 6 0 12 3 7 10 14 4 8 11 15
10 1 1 5 9 13 2 6 10 12 3 7 0 14 4 8 11 15
12 3 1 5 9 13 2 6 10 0 3 7 12 14 4 8 11 15
14 1 1 5 9 13 2 6 10 14 3 7 12 0 4 8 11 15
12 1 1 5 9 13 2 6 10 14 3 7 0 12 4 8 11 15
11 1 1 5 9 13 2 6 10 14 3 7 11 12 4 8 0 15
12 3 1 5 9 13 2 6 10 14 3 7 11 0 4 8 12 15
15 1 1 5 9 13 2 6 10 14 3 7 11 15 4 8 12 0

311 6.615409851074219