16 0 16 6 0 7 2 5 3 4 1
16 1 15 6 3 7 2 5 0 4 1
17 1 16 0 6 7 2 5 3 4 1
14 3 11 2 6 7 0 5 3 4 1
14 4 10 1 6 7 2 5 3 4 0
13 7 6 1 6 0 2 5 3 4 7
14 5 9 1 6 7 2 5 3 0 4
13 6 7 1 6 0 2 5 3 7 4
14 4 10 2 6 0 7 5 3 4 1
14 7 7 1 6 2 0 5 3 7 4
14 5 9 2 0 6 7 5 3 4 1
14 8 6 1 6 2 4 5 3 7 0
14 6 8 1 6 7 2 0 3 4 5
14 7 7 1 0 6 2 5 3 7 4
14 8 6 1 6 2 0 5 3 4 7
14 9 5 1 6 7 0 2 3 4 5
14 8 6 1 3 6 2 5 0 7 4
14 8 6 1 0 6 2 5 3 4 7
14 10 4 1 6 0 7 2 3 4 5
14 9 5 1 3 6 2 5 0 4 7
14 11 3 1 0 6 7 2 3 4 5
15 11 4 1 6 4 7 2 3 0 5
15 10 5 1 3 6 2 0 5 4 7
15 12 3 1 3 0 2 5 6 4 7
15 12 3 1 3 6 7 2 0 4 5
15 10 5 1 3 6 2 5 4 0 7
13 11 2 1 3 0 2 5 4 6 7
14 12 2 1 0 3 2 5 4 6 7
14 12 2 1 3 2 0 5 4 6 7
15 5 10 2 6 4 7 5 3 0 1
15 4 11 2 6 7 1 5 3 4 0
14 7 7 2 6 0 1 5 3 4 7
15 9 6 1 3 6 2 0 5 7 4
15 9 6 1 3 6 2 5 7 0 4
15 11 4 1 3 0 2 5 6 7 4
15 11 4 1 3 6 2 4 5 7 0
15 12 3 1 3 6 0 2 5 7 4
15 10 5 1 3 0 2 5 7 6 4
15 9 6 0 1 6 2 5 3 4 7
15 5 10 1 6 7 0 5 3 4 2
15 10 5 1 6 7 5 2 3 4 0
15 6 9 1 6 0 7 5 3 4 2
15 6 9 2 6 4 7 5 3 1 0
15 7 8 1 0 6 7 5 3 4 2
15 6 9 2 6 7 1 0 3 4 5
15 8 7 2 6 1 0 5 3 4 7
15 8 7 2 0 6 1 5 3 4 7
15 5 10 2 6 7 1 5 3 0 4
14 6 8 2 6 0 1 5 3 7 4
15 13 2 0 1 3 2 5 4 6 7
15 7 8 2 6 1 7 5 3 4 0
15 8 7 1 6 4 2 5 3 0 7
14 11 3 1 0 4 2 5 3 6 7
14 12 2 1 3 4 2 5 0 6 7
15 7 8 1 6 7 2 3 0 4 5
15 13 2 1 3 4 2 5 6 0 7
15 13 2 1 3 6 7 2 4 0 5
15 12 3 0 1 4 2 5 3 6 7
15 13 2 1 3 4 2 0 5 6 7
15 8 7 1 6 7 2 3 4 0 5
14 9 5 1 6 0 2 3 4 7 5
15 8 7 1 0 7 2 3 6 4 5
15 14 1 1 3 6 7 2 4 5 0
15 10 5 1 0 6 2 3 4 7 5
15 10 5 1 6 2 0 3 4 7 5
15 12 3 1 4 0 2 5 3 6 7
15 8 7 0 1 6 2 5 3 7 4
15 9 6 1 6 2 4 5 3 0 7
14 12 2 1 0 2 4 5 3 6 7
14 13 1 1 3 2 4 5 0 6 7
15 7 8 2 0 6 1 5 3 7 4
15 14 1 1 3 2 4 0 5 6 7
15 14 1 1 3 2 4 5 6 0 7
15 8 7 2 3 6 1 5 0 7 4
15 7 8 2 6 1 0 5 3 7 4
15 13 2 0 1 2 4 5 3 6 7
15 8 7 2 6 1 4 5 3 7 0
15 13 2 1 2 0 4 5 3 6 7
15 13 2 1 3 6 0 2 5 4 7
15 6 9 2 3 6 7 5 0 4 1
15 14 1 1 3 0 6 2 5 4 7
15 7 8 2 3 6 7 0 5 4 1
12 9 3 2 3 6 7 1 5 4 0
13 10 3 2 3 6 0 1 5 4 7
13 11 2 2 3 0 6 1 5 4 7
14 10 4 2 3 6 7 1 5 0 4
14 12 2 2 3 4 6 1 5 0 7
14 13 1 2 3 4 6 1 0 5 7
15 7 8 2 3 6 7 5 4 0 1
15 12 3 2 3 0 7 1 5 4 6
15 12 3 2 0 3 6 1 5 4 7
15 14 1 2 0 4 6 1 3 5 7
15 8 7 2 3 6 7 5 4 1 0
15 11 4 2 3 0 7 1 5 6 4
15 13 2 0 2 3 6 1 5 4 7
15 15 0 0 2 4 6 1 3 5 7
15 9 6 2 3 6 1 5 0 4 7
15 12 3 1 6 4 7 2 3 5 0
15 9 6 2 6 7 0 1 3 4 5
15 10 5 2 6 0 7 1 3 4 5
15 11 4 2 0 6 7 1 3 4 5
15 12 3 0 2 6 7 1 3 4 5
16 14 2 2 3 4 6 0 1 5 7
16 8 8 2 3 0 7 5 4 6 1
16 14 2 2 3 5 6 1 0 4 7
16 11 5 2 3 6 7 1 0 5 4
16 7 9 1 6 4 7 5 3 0 2
16 13 3 2 3 6 4 1 5 0 7
16 11 5 1 0 3 2 5 7 6 4
16 11 5 2 1 6 0 5 3 4 7
16 13 3 1 3 4 2 5 7 6 0
16 11 5 1 3 2 0 5 7 6 4
14 12 2 1 3 2 4 5 7 6 0
15 13 2 1 3 2 4 5 7 0 6
16 7 9 2 6 4 0 5 3 1 7
16 13 3 1 6 0 5 2 3 4 7
16 13 3 1 3 6 4 2 5 7 0
16 16 0 1 2 3 4 5 0 6 7
16 14 2 1 3 6 7 2 5 4 0
16 12 4 1 3 6 2 4 5 0 7
14 13 1 1 3 0 2 4 5 6 7
15 14 1 1 0 3 2 4 5 6 7
15 14 1 1 3 2 0 4 5 6 7
16 14 2 1 3 0 2 4 5 7 6
16 14 2 1 3 4 2 5 6 7 0
16 10 6 1 3 6 2 5 7 4 0
16 12 4 1 0 3 2 5 6 7 4
16 11 5 2 3 0 1 5 6 7 4
16 15 1 1 3 2 4 5 6 7 0
16 9 7 2 3 6 1 0 5 7 4
16 9 7 2 3 6 1 5 7 0 4
16 14 2 1 0 4 7 2 3 6 5
16 12 4 0 1 6 7 2 3 4 5
16 12 4 1 3 2 0 5 6 7 4
14 13 1 1 3 2 4 5 6 7 0
16 9 7 2 6 1 4 5 3 0 7
15 12 3 2 0 1 4 5 3 6 7
15 13 2 2 3 1 4 5 0 6 7
16 13 3 1 4 2 0 5 3 6 7
16 10 6 1 6 2 4 5 0 3 7
14 11 3 1 0 2 4 5 6 3 7
15 12 3 0 1 2 4 5 6 3 7
15 12 3 1 2 0 4 5 6 3 7
13 13 0 1 2 3 4 5 6 0 7
14 14 0 1 2 3 4 5 0 6 7
14 14 0 1 2 3 4 5 6 7 0
