11 0 11 5 1 7 6 0 4 3 2
10 2 8 5 1 7 6 2 4 3 0
11 3 8 5 1 7 0 2 4 3 6
10 5 5 0 1 7 5 2 4 3 6
10 6 4 1 0 7 5 2 4 3 6
11 6 5 2 1 7 5 0 4 3 6
11 7 4 1 4 7 5 2 0 3 6
11 5 6 0 1 7 6 2 4 3 5
11 5 6 5 1 0 6 2 4 3 7
11 8 3 1 4 7 5 2 3 0 6
11 6 5 1 0 7 6 2 4 3 5
11 4 7 5 1 0 7 2 4 3 6
11 9 2 1 3 7 5 2 4 0 6
12 1 11 0 1 7 6 5 4 3 2
11 4 7 2 1 7 6 5 4 3 0
12 9 3 1 4 0 5 2 3 7 6
12 6 6 5 1 3 6 2 4 0 7
12 6 6 2 1 7 6 0 4 3 5
12 7 5 5 1 3 6 2 0 4 7
12 7 5 1 7 0 5 2 4 3 6
12 8 4 5 1 3 6 0 2 4 7
12 3 9 5 1 7 6 2 4 0 3
12 5 7 2 1 7 0 5 4 3 6
12 10 2 1 4 5 0 2 3 7 6
12 7 5 2 1 0 6 5 4 3 7
12 10 2 1 0 4 5 2 3 7 6
12 10 2 1 3 0 5 2 4 7 6
12 2 10 1 0 7 6 5 4 3 2
12 7 5 1 4 7 6 2 0 3 5
12 5 7 5 1 3 7 2 4 0 6
12 8 4 2 1 3 6 5 4 0 7
12 8 4 1 4 7 6 2 3 0 5
12 6 6 5 1 3 7 2 0 4 6
12 6 6 5 1 3 7 2 4 6 0
12 9 3 1 4 7 6 2 3 5 0
12 7 5 5 1 3 7 0 2 4 6
12 7 5 5 1 3 0 2 4 6 7
12 11 1 1 3 5 0 2 4 7 6
12 9 3 0 1 3 5 2 4 6 7
12 9 3 1 3 7 6 2 4 0 5
12 10 2 1 0 3 5 2 4 6 7
12 10 2 2 1 3 5 0 4 6 7
12 10 2 1 3 7 6 2 4 5 0
12 11 1 1 3 0 5 2 4 6 7
12 6 6 2 1 0 7 5 4 3 6
12 12 0 1 3 5 0 2 4 6 7
12 7 5 2 1 3 7 5 4 0 6
13 7 6 1 7 0 6 2 4 3 5
13 7 6 2 1 7 5 4 0 3 6
13 13 0 1 3 0 6 2 4 5 7
13 13 0 1 3 5 7 2 4 6 0
