6 0 6 1 2 0 5 4 3 6 7
6 1 5 1 2 5 0 4 3 6 7
5 2 3 1 2 5 7 4 3 6 0
7 1 6 1 2 6 5 4 3 0 7
6 2 4 1 2 6 5 4 3 7 0
7 1 6 1 0 2 5 4 3 6 7
7 2 5 1 3 2 5 4 0 6 7
7 3 4 1 3 2 5 0 4 6 7
8 3 5 1 2 6 0 4 3 7 5
8 5 3 1 3 2 5 7 4 6 0
8 3 5 1 2 3 5 4 0 6 7
8 2 6 1 2 6 5 4 0 3 7
8 3 5 1 2 7 5 4 3 6 0
8 4 4 1 2 5 7 0 3 6 4
8 3 5 1 2 5 7 4 3 0 6
8 4 4 1 2 3 5 4 6 0 7
7 5 2 1 2 3 5 4 6 7 0
9 4 5 1 2 6 5 0 3 7 4
9 4 5 1 2 0 6 4 3 7 5
9 3 6 0 2 5 1 4 3 6 7
9 6 3 1 2 3 0 4 6 7 5
9 4 5 1 2 5 4 0 3 6 7
9 4 5 0 3 2 5 1 4 6 7
9 3 6 1 3 2 5 4 6 0 7
8 4 4 1 3 2 5 4 6 7 0
9 4 5 1 2 5 7 4 0 3 6
9 5 4 1 2 5 7 3 0 6 4
9 2 7 0 1 2 5 4 3 6 7
9 3 6 1 2 6 5 0 4 3 7
9 5 4 1 2 5 7 0 4 3 6
9 4 5 1 2 3 5 0 4 6 7
10 5 5 1 2 0 5 4 3 7 6
10 6 4 1 3 2 0 7 4 6 5
10 4 6 1 4 2 5 0 3 6 7
10 4 6 2 0 5 1 4 3 6 7
10 4 6 4 2 5 1 0 3 6 7
10 6 4 1 2 6 4 0 3 7 5
10 4 6 1 2 6 0 4 3 5 7
10 5 5 1 2 6 5 3 0 7 4
10 7 3 1 2 3 5 0 6 7 4
10 8 2 1 2 6 4 5 3 7 0
10 5 5 1 2 6 7 4 3 5 0
10 5 5 2 3 5 1 4 0 6 7
10 6 4 1 3 2 0 5 4 6 7
9 7 2 1 3 2 7 5 4 6 0
10 6 4 2 3 5 1 0 4 6 7
10 4 6 1 2 5 6 4 3 0 7
9 5 4 1 2 5 6 4 3 7 0
10 4 6 1 2 0 7 4 3 5 6
10 6 4 1 2 3 5 7 4 6 0
10 7 3 1 2 5 7 6 4 3 0
10 5 5 0 2 5 7 1 3 6 4
10 5 5 1 2 6 5 7 4 3 0
10 5 5 0 2 5 7 4 3 6 1
10 7 3 1 0 5 7 2 3 6 4
10 3 7 4 1 2 5 0 3 6 7
10 5 5 1 3 0 5 4 2 6 7
10 4 6 1 2 7 0 4 3 6 5
10 4 6 1 2 7 5 4 3 0 6
10 6 4 1 0 5 7 3 2 6 4
10 8 2 1 3 5 7 2 0 6 4
10 6 4 1 3 5 0 4 2 6 7
9 7 2 1 3 5 7 4 2 6 0
10 3 7 1 0 6 5 4 2 3 7
10 5 5 1 0 5 7 4 2 3 6
10 5 5 1 2 0 5 4 6 3 7
10 5 5 1 2 0 7 4 3 6 5
10 4 6 1 3 0 5 4 6 2 7
10 5 5 1 3 2 0 4 6 7 5
10 4 6 1 0 3 5 4 2 6 7
10 5 5 1 0 3 5 4 6 2 7
10 5 5 1 3 5 0 4 6 2 7
9 6 3 1 3 5 7 4 6 2 0
10 6 4 1 2 5 4 7 3 6 0
11 6 5 1 0 2 5 3 4 6 7
11 9 2 1 2 3 4 0 6 7 5
11 7 4 1 2 3 6 4 0 7 5
10 5 5 1 2 5 4 3 0 6 7
10 6 4 1 2 5 4 3 6 0 7
9 7 2 1 2 5 4 3 6 7 0
11 5 6 0 2 6 5 4 3 7 1
11 7 4 1 2 0 3 4 6 7 5
11 6 5 7 2 5 1 4 3 6 0
11 6 5 1 3 2 5 7 4 0 6
11 5 6 1 0 2 6 4 3 7 5
11 5 6 1 2 0 6 4 3 5 7
11 5 6 1 2 7 6 4 3 0 5
11 5 6 0 2 6 5 1 3 7 4
11 7 4 1 2 6 0 5 3 7 4
11 6 5 1 2 7 6 4 3 5 0
11 7 4 1 2 6 4 3 0 7 5
11 7 4 1 3 0 2 5 4 6 7
11 5 6 0 2 6 1 4 3 7 5
11 6 5 1 4 2 5 7 3 6 0
11 6 5 4 2 5 1 7 3 6 0
11 7 4 1 2 0 4 3 6 5 7
11 6 5 1 0 5 7 4 3 2 6
11 5 6 4 2 5 1 3 0 6 7
11 6 5 1 0 5 4 3 2 6 7
11 7 4 1 3 5 7 4 0 2 6
11 4 7 1 0 6 5 4 3 2 7
11 11 0 1 2 3 4 5 6 7 0
