10 0 10 1 6 5 0 7 2 3 4
10 3 7 1 6 5 7 0 2 3 4
10 4 6 1 6 5 7 2 0 3 4
10 5 5 1 6 5 7 2 3 0 4
10 6 4 1 6 5 7 2 3 4 0
11 6 5 1 6 0 7 2 3 5 4
11 8 3 1 0 5 7 2 3 6 4
11 7 4 1 6 5 0 2 3 4 7
11 5 6 1 6 5 7 4 2 3 0
11 4 7 0 6 5 7 1 2 3 4
11 8 3 1 6 0 5 2 3 4 7
11 1 10 1 6 0 5 7 2 3 4
11 5 6 1 0 5 7 2 6 3 4
11 7 4 1 0 6 7 2 3 5 4
11 9 2 1 0 6 5 2 3 4 7
11 2 9 1 6 3 5 7 2 0 4
11 6 5 1 5 0 7 2 6 3 4
11 2 9 1 0 6 5 7 2 3 4
10 3 7 1 2 6 5 7 0 3 4
11 4 7 1 2 6 5 0 7 3 4
11 4 7 1 2 6 5 7 3 0 4
11 5 6 1 2 0 5 7 3 6 4
12 6 6 1 6 5 0 4 2 3 7
12 3 9 1 6 3 5 7 2 4 0
9 5 4 1 6 3 5 0 2 4 7
9 6 3 1 6 3 5 2 0 4 7
10 6 4 0 6 3 5 1 2 4 7
10 7 3 1 0 3 5 2 6 4 7
10 8 2 1 3 0 5 2 6 4 7
11 7 4 1 6 3 5 2 4 0 7
11 9 2 1 3 4 5 2 6 0 7
11 10 1 1 3 4 5 2 0 6 7
12 7 5 1 5 3 7 2 6 0 4
12 3 9 1 6 3 5 7 0 2 4
12 8 4 1 5 3 7 2 6 4 0
12 4 8 1 0 3 5 7 6 2 4
11 7 4 1 2 3 5 7 6 0 4
12 10 2 1 3 6 5 2 0 4 7
12 8 4 1 2 3 5 7 6 4 0
12 11 1 1 3 6 5 2 4 0 7
12 10 2 1 0 3 5 2 4 6 7
12 11 1 1 0 4 5 2 3 6 7
12 8 4 1 5 3 7 2 0 6 4
12 8 4 1 3 6 7 2 0 5 4
12 9 3 1 3 5 7 2 0 6 4
12 10 2 1 2 3 5 0 6 4 7
12 8 4 1 3 5 7 2 6 0 4
12 8 4 0 1 3 5 2 6 4 7
12 5 7 1 2 6 5 7 3 4 0
9 7 2 1 2 6 5 0 3 4 7
10 8 2 0 2 6 5 1 3 4 7
11 8 3 1 2 6 5 3 0 4 7
11 9 2 1 2 6 5 3 4 0 7
12 7 5 6 0 3 5 1 2 4 7
12 8 4 1 0 3 5 6 2 4 7
11 9 2 1 2 3 5 6 0 4 7
12 9 3 1 6 4 7 2 3 5 0
12 5 7 1 0 3 5 7 2 6 4
10 6 4 1 2 3 5 7 0 6 4
11 7 4 1 2 3 5 0 7 6 4
11 9 2 1 2 3 5 4 7 6 0
12 9 3 1 0 6 5 3 2 4 7
12 10 2 1 2 3 5 6 4 0 7
12 10 2 1 2 0 5 3 4 6 7
12 4 8 1 6 2 5 7 0 3 4
12 1 11 1 6 5 4 7 2 3 0
9 3 6 1 6 5 4 0 2 3 7
9 4 5 1 6 5 4 2 0 3 7
9 5 4 1 6 5 4 2 3 0 7
10 4 6 0 6 5 4 1 2 3 7
10 5 5 1 0 5 4 2 6 3 7
10 6 4 1 6 0 4 2 3 5 7
10 8 2 1 0 5 4 2 3 6 7
10 6 4 1 5 0 4 2 6 3 7
10 7 3 1 0 6 4 2 3 5 7
10 7 3 1 6 4 0 2 3 5 7
11 9 2 1 3 5 4 2 0 6 7
11 7 4 1 5 3 4 2 6 0 7
11 8 3 1 3 6 4 2 0 5 7
11 8 3 1 6 4 7 2 3 5 0
11 8 3 1 5 3 4 2 0 6 7
11 9 2 1 3 6 4 2 5 0 7
11 9 2 1 0 3 4 2 5 6 7
11 6 5 1 6 5 4 2 3 7 0
11 8 3 1 3 5 4 2 6 0 7
12 6 6 1 0 2 5 7 3 6 4
12 6 6 1 2 5 0 7 3 6 4
12 7 5 1 6 0 5 4 2 3 7
12 9 3 1 3 6 7 2 5 0 4
12 9 3 2 1 3 5 0 6 4 7
12 9 3 1 3 5 7 2 6 4 0
12 11 1 1 3 0 5 2 4 6 7
12 9 3 1 6 4 5 2 3 0 7
12 7 5 1 5 4 0 2 6 3 7
12 12 0 1 3 5 0 2 4 6 7
12 7 5 1 3 2 5 7 0 6 4
12 10 2 1 3 6 7 2 5 4 0
12 7 5 1 2 5 4 7 3 6 0
11 9 2 1 2 5 4 0 3 6 7
12 9 3 1 2 5 7 0 3 6 4
12 8 4 1 0 6 5 4 2 3 7
12 10 2 0 2 5 4 1 3 6 7
12 10 2 1 3 0 4 2 5 6 7
12 12 0 1 2 3 4 0 5 6 7
12 9 3 1 3 0 4 2 6 5 7
12 11 1 1 3 4 0 2 5 6 7
12 10 2 0 1 3 4 2 5 6 7
12 10 2 1 3 4 0 2 6 5 7
12 8 4 0 1 6 4 2 3 5 7
12 9 3 0 1 5 4 2 3 6 7
12 9 3 1 5 0 4 2 3 6 7
12 8 4 1 2 5 4 0 6 3 7
12 5 7 1 0 2 5 7 6 3 4
12 11 1 1 2 5 0 3 4 6 7
12 6 6 0 1 5 4 2 6 3 7
12 5 7 6 0 5 4 1 2 3 7
12 9 3 2 0 6 5 1 3 4 7
12 4 8 1 6 3 0 7 2 4 5
12 8 4 1 2 4 5 7 3 6 0
11 10 1 1 2 4 5 0 3 6 7
12 7 5 2 1 5 4 0 6 3 7
12 10 2 1 5 4 0 2 3 6 7
12 7 5 1 6 3 7 0 2 4 5
12 10 2 1 2 3 5 4 7 0 6
12 9 3 1 3 5 0 2 6 4 7
12 11 1 0 2 4 5 1 3 6 7
12 8 4 1 6 3 7 2 0 4 5
12 6 6 1 2 6 0 7 3 4 5
12 11 1 2 1 3 4 0 5 6 7
12 9 3 1 2 6 7 0 3 4 5
13 9 4 1 3 0 7 2 6 5 4
13 8 5 1 2 5 4 7 3 0 6
13 13 0 1 2 3 4 5 0 6 7
13 10 3 1 2 5 4 3 0 6 7
13 10 3 0 2 5 7 1 3 6 4
13 3 10 1 6 5 3 7 2 0 4
13 13 0 1 3 5 7 2 4 6 0
