13 0 13 6 0 4 2 7 3 1 5
9 0 9 6 1 4 2 7 3 0 5
8 0 8 6 1 0 2 7 3 4 5
8 0 8 6 0 1 2 7 3 4 5
8 0 8 6 1 2 0 7 3 4 5
6 0 6 0 1 2 6 7 3 4 5
6 0 6 1 0 2 6 7 3 4 5
5 0 5 1 3 2 6 7 0 4 5
5 0 5 1 3 2 6 0 7 4 5
5 0 5 1 3 2 6 7 4 0 5
5 0 5 1 3 2 6 5 7 4 0
4 0 4 1 3 2 0 5 7 4 6
2 0 2 1 3 2 4 5 7 0 6
2 0 2 1 3 2 4 5 0 7 6
2 0 2 1 3 2 4 5 7 6 0
2 0 2 1 3 2 4 0 5 7 6
2 0 2 1 3 2 4 6 5 7 0
2 0 2 1 3 2 0 4 5 7 6
2 0 2 1 0 2 4 3 5 7 6
2 0 2 1 3 2 4 6 5 0 7
2 0 2 1 3 0 2 4 5 7 6
2 0 2 0 1 2 4 3 5 7 6
2 0 2 1 2 0 4 3 5 7 6
2 0 2 1 3 2 4 6 0 5 7
2 0 2 1 0 3 2 4 5 7 6
2 0 2 1 2 4 0 3 5 7 6
2 0 2 1 3 2 4 0 6 5 7
2 0 2 0 1 3 2 4 5 7 6
2 0 2 1 2 4 3 0 5 7 6
2 0 2 1 3 2 0 4 6 5 7
2 0 2 1 0 2 4 3 6 5 7
2 0 2 2 1 3 0 4 5 7 6
2 0 2 1 2 4 3 6 5 7 0
2 0 2 2 1 3 4 0 5 7 6
2 0 2 1 2 4 3 6 5 0 7
2 0 2 2 1 3 4 5 0 7 6
2 0 2 2 1 3 4 6 5 7 0
2 0 2 1 2 4 3 6 0 5 7
2 0 2 2 1 3 4 5 7 0 6
2 0 2 2 1 3 4 6 5 0 7
2 0 2 1 2 4 3 0 6 5 7
2 0 2 1 2 0 3 6 4 5 7
2 0 2 2 1 3 4 5 7 6 0
2 0 2 2 1 3 4 6 0 5 7
2 0 2 1 2 4 0 3 6 5 7
2 0 2 1 0 2 3 6 4 5 7
2 0 2 1 2 3 0 6 4 5 7
1 0 1 1 2 3 6 0 4 5 7
1 0 1 0 2 3 6 1 4 5 7
1 0 1 1 0 3 6 2 4 5 7
0 0 0 1 3 0 6 2 4 5 7
0 0 0 1 3 5 6 2 4 0 7
0 0 0 1 3 4 6 2 0 5 7
0 0 0 1 3 5 0 2 4 6 7
0 0 0 1 0 4 6 2 3 5 7
