9 0 9 0 6 3 1 2 7 4 5
8 2 6 1 6 3 0 2 7 4 5
9 1 8 2 6 3 1 0 7 4 5
9 3 6 1 6 3 5 2 7 4 0
10 1 9 6 0 3 1 2 7 4 5
10 3 7 1 6 0 3 2 7 4 5
10 4 6 2 0 3 1 6 7 4 5
10 2 8 2 6 3 1 7 0 4 5
10 3 7 2 0 3 1 7 6 4 5
11 2 9 6 3 0 1 2 7 4 5
11 4 7 0 2 3 1 7 6 4 5
11 4 7 2 3 0 1 7 6 4 5
11 4 7 1 6 3 5 2 7 0 4
11 4 7 2 6 3 0 1 7 4 5
11 3 8 2 6 3 1 7 4 0 5
11 5 6 0 2 3 1 6 7 4 5
11 5 6 2 3 0 1 6 7 4 5
11 3 8 2 6 3 1 5 7 4 0
11 6 5 2 3 4 1 6 7 0 5
11 7 4 1 2 3 0 6 7 4 5
11 4 7 1 6 4 3 2 7 0 5
11 8 3 1 2 3 5 6 7 4 0
11 5 6 1 6 4 3 2 0 7 5
11 5 6 1 6 3 5 2 0 7 4
11 5 6 2 3 4 1 7 6 0 5
11 5 6 1 6 3 4 2 7 0 5
11 4 7 1 0 6 3 2 7 4 5
11 6 5 1 0 4 3 2 6 7 5
11 6 5 1 0 3 5 2 6 7 4
11 6 5 1 6 3 4 2 0 7 5
11 6 5 1 2 3 0 7 6 4 5
11 7 4 1 0 3 4 2 6 7 5
11 7 4 1 2 3 5 7 6 4 0
11 9 2 1 2 3 5 0 6 4 7
12 3 9 6 3 1 0 2 7 4 5
12 7 5 2 3 4 1 6 7 5 0
12 8 4 1 2 0 3 6 7 4 5
12 10 2 1 2 3 4 6 7 0 5
12 4 8 2 6 3 1 5 7 0 4
12 7 5 2 3 4 1 6 0 7 5
12 5 7 0 3 1 6 2 7 4 5
12 9 3 1 2 4 3 6 7 0 5
12 5 7 1 6 3 2 0 7 4 5
12 6 6 2 3 1 6 0 7 4 5
12 10 2 1 2 3 5 6 0 4 7
12 6 6 2 3 1 0 6 7 4 5
12 10 2 1 2 3 4 0 6 7 5
12 8 4 1 2 3 5 7 6 0 4
12 5 7 2 6 3 5 1 7 4 0
12 4 8 2 6 3 1 7 4 5 0
12 6 6 2 0 3 1 7 4 6 5
12 9 3 1 2 3 4 7 6 0 5
12 8 4 0 1 3 4 2 6 7 5
12 8 4 1 3 0 4 2 6 7 5
12 9 3 1 2 3 5 0 6 7 4
12 7 5 1 2 0 3 7 6 4 5
12 7 5 1 2 6 3 0 7 4 5
12 9 3 1 2 4 3 0 6 7 5
12 7 5 1 3 0 5 2 6 7 4
12 7 5 0 1 3 5 2 6 7 4
12 7 5 0 1 4 3 2 6 7 5
12 7 5 1 4 0 3 2 6 7 5
12 11 1 1 2 4 3 5 6 7 0
12 8 4 1 3 5 0 2 6 7 4
12 8 4 2 1 3 5 0 6 7 4
12 8 4 1 4 3 0 2 6 7 5
12 8 4 2 1 4 3 0 6 7 5
12 11 1 1 2 3 5 4 6 7 0
12 10 2 2 1 4 3 5 6 7 0
12 10 2 2 1 3 5 4 6 7 0
12 8 4 1 2 4 3 7 6 0 5
12 5 7 1 6 0 5 2 7 3 4
12 6 6 1 6 0 4 2 7 3 5
12 5 7 0 1 6 3 2 7 4 5
12 9 3 1 3 4 0 2 6 7 5
12 6 6 2 1 6 3 0 7 4 5
12 9 3 2 1 3 4 0 6 7 5
12 6 6 2 3 4 1 7 0 6 5
12 11 1 2 1 3 4 5 6 7 0
12 6 6 2 3 4 1 7 6 5 0
12 6 6 2 6 3 1 0 4 5 7
12 8 4 2 3 4 1 0 6 5 7
12 5 7 2 3 1 0 7 6 4 5
12 12 0 1 2 3 4 5 6 7 0
