9 0 9 6 1 4 7 2 5 3 0
8 3 5 0 1 4 7 2 5 3 6
8 4 4 1 0 4 7 2 5 3 6
8 5 3 1 4 0 7 2 5 3 6
9 4 5 2 1 4 7 0 5 3 6
9 6 3 1 4 3 7 2 5 0 6
9 7 2 1 3 4 7 2 5 0 6
9 1 8 6 1 4 0 2 5 3 7
7 3 4 0 1 4 6 2 5 3 7
7 4 3 1 0 4 6 2 5 3 7
7 5 2 1 4 0 6 2 5 3 7
8 4 4 2 1 4 6 0 5 3 7
8 5 3 1 5 4 6 2 0 3 7
8 7 1 1 3 4 6 2 5 0 7
8 6 2 1 4 3 6 2 5 0 7
8 6 2 1 5 4 6 2 3 0 7
8 8 0 1 3 4 6 2 0 5 7
8 7 1 1 4 3 6 2 0 5 7
9 5 4 1 5 4 7 2 0 3 6
9 7 2 1 5 0 6 2 3 4 7
9 9 0 1 0 4 6 2 3 5 7
9 6 3 1 5 4 7 2 3 0 6
9 8 1 1 0 5 6 2 3 4 7
9 8 1 1 0 3 6 2 4 5 7
9 7 2 1 5 4 7 2 3 6 0
9 8 1 1 3 4 7 2 5 6 0
9 8 1 1 3 0 6 2 5 4 7
9 8 1 1 3 4 7 2 0 5 6
9 7 2 1 4 3 7 2 5 6 0
9 9 0 1 3 0 6 2 4 5 7
9 7 2 1 4 3 7 2 0 5 6
10 7 3 1 5 0 7 2 3 4 6
10 9 1 1 0 4 7 2 3 5 6
10 8 2 1 4 3 6 0 2 5 7
10 9 1 1 3 4 6 0 2 5 7
10 2 8 6 1 0 4 2 5 3 7
10 7 3 1 5 4 6 2 3 7 0
10 8 2 1 3 4 6 2 5 7 0
10 8 2 1 3 0 7 2 5 4 6
10 3 7 6 1 3 4 2 5 0 7
10 7 3 1 4 3 6 2 5 7 0
10 8 2 1 0 5 7 2 3 4 6
10 6 4 1 4 7 0 2 5 3 6
10 8 2 1 0 3 7 2 4 5 6
10 10 0 1 3 5 6 2 4 0 7
10 6 4 1 5 4 6 0 2 3 7
10 8 2 1 4 3 0 2 5 6 7
10 8 2 1 4 5 6 2 0 3 7
10 9 1 1 3 4 0 2 5 6 7
10 8 2 1 5 4 0 2 3 6 7
10 5 5 2 1 4 6 5 0 3 7
11 8 3 1 5 6 0 2 3 4 7
9 6 3 1 4 6 0 2 5 3 7
10 9 1 1 4 5 6 2 3 0 7
10 9 1 1 3 5 6 2 0 4 7
10 6 4 2 1 4 6 5 3 0 7
10 9 1 1 3 0 7 2 4 5 6
10 7 3 1 2 4 6 0 5 3 7
10 7 3 1 4 6 7 2 5 3 0
11 6 5 2 0 4 6 5 1 3 7
11 9 2 0 1 3 6 2 4 5 7
11 9 2 0 1 5 6 2 3 4 7
11 9 2 1 0 5 6 2 4 3 7
11 7 4 0 5 4 6 1 2 3 7
11 10 1 1 4 0 6 2 3 5 7
11 4 7 6 1 3 4 2 5 7 0
10 7 3 0 1 3 4 2 5 7 6
10 8 2 2 1 3 4 0 5 7 6
11 6 5 1 5 4 7 0 2 3 6
11 8 3 1 4 3 0 2 5 7 6
11 4 7 6 1 3 4 2 0 5 7
10 7 3 0 1 3 4 2 6 5 7
10 8 2 2 1 3 4 0 6 5 7
11 7 4 1 4 7 6 2 5 3 0
11 9 2 1 3 5 7 2 0 4 6
11 8 3 1 5 4 0 2 3 7 6
11 9 2 1 3 4 0 2 5 7 6
11 8 3 1 0 3 4 2 6 5 7
11 9 2 2 1 3 4 6 0 5 7
11 5 6 2 1 4 7 5 0 3 6
11 9 2 0 4 3 6 1 2 5 7
11 6 5 2 1 4 7 5 3 0 6
11 10 1 0 3 4 6 1 2 5 7
11 7 4 2 1 4 7 5 3 6 0
11 5 6 6 1 3 4 0 2 5 7
10 6 4 0 1 3 4 6 2 5 7
11 8 3 2 1 4 0 5 3 6 7
11 3 8 6 0 1 4 2 5 3 7
11 9 2 2 1 3 4 5 0 7 6
11 9 2 1 0 3 6 2 5 4 7
11 1 10 6 1 4 7 2 5 0 3
11 8 3 1 0 3 4 2 5 7 6
11 2 9 6 1 4 7 2 0 5 3
11 8 3 1 4 5 7 2 0 3 6
11 3 8 6 1 4 7 0 2 5 3
11 9 2 1 4 5 7 2 3 0 6
11 10 1 1 3 6 0 2 4 5 7
11 10 1 1 4 5 7 2 3 6 0
11 8 3 1 4 3 7 0 2 5 6
11 9 2 1 3 6 0 2 5 4 7
11 7 4 1 2 4 7 0 5 3 6
11 7 4 2 0 4 6 1 5 3 7
11 7 4 2 1 0 6 5 3 4 7
11 8 3 2 4 0 6 1 5 3 7
11 8 3 1 5 0 6 2 4 3 7
11 10 1 1 3 5 7 2 4 0 6
11 9 2 1 3 4 7 0 2 5 6
11 8 3 0 2 4 6 1 5 3 7
11 11 0 1 3 5 7 2 4 6 0
