0 0 2 5 1 7 3 6 4 0
7 1 2 5 1 0 3 6 4 7
3 3 2 5 1 3 0 6 4 7
5 3 2 0 1 3 5 6 4 7
1 1 2 1 0 3 5 6 4 7
4 1 2 1 4 3 5 6 0 7
6 1 2 1 4 3 5 0 6 7
5 1 2 1 4 3 0 5 6 7
3 3 2 1 4 0 3 5 6 7
4 1 2 1 0 4 3 5 6 7
1 1 2 0 1 4 3 5 6 7
3 3 2 3 1 4 0 5 6 7
4 3 2 3 1 0 4 5 6 7
2 2 0 3 1 2 4 5 6 7
3 1 3 0 1 2 4 5 6 7
1 1 3 1 0 2 4 5 6 7
2 1 3 1 2 0 4 5 6 7
3 2 0 1 2 3 4 5 6 7
1 1 1 0 2 3 4 5 6 7
2 1 1 2 0 3 4 5 6 7
3 1 1 2 3 0 4 5 6 7
4 3 1 2 3 4 0 5 6 7
5 1 1 2 3 4 5 0 6 7
6 1 1 2 3 4 5 6 0 7
7 1 1 2 3 4 5 6 7 0

38 0.12106943130493164