6 0 6 7 1 5 4 3 0 6 2
6 0 6 7 1 5 4 0 3 6 2
4 0 4 7 1 5 4 2 3 6 0
5 0 5 7 1 5 0 2 3 6 4
4 0 4 0 1 5 7 2 3 6 4
3 0 3 1 0 5 7 2 3 6 4
2 0 2 1 3 5 7 2 0 6 4
3 0 3 4 1 5 7 2 3 6 0
3 0 3 1 3 5 7 0 2 6 4
2 0 2 1 3 5 7 4 2 6 0
3 0 3 1 3 5 7 2 6 0 4
2 0 2 1 3 5 7 2 6 4 0
3 0 3 1 3 0 7 2 5 6 4
2 0 2 1 3 4 7 2 5 6 0
3 0 3 0 3 5 7 2 1 6 4
2 0 2 4 3 5 7 2 1 6 0
4 0 4 1 0 5 7 3 2 6 4
4 0 4 1 3 5 0 4 2 6 7
4 0 4 0 3 5 7 4 2 6 1
4 0 4 7 3 5 0 2 1 6 4
3 0 3 7 3 5 4 2 1 6 0
4 0 4 1 3 5 7 4 2 0 6
4 0 4 4 3 5 7 0 2 6 1
3 0 3 4 3 5 7 2 0 6 1
2 0 2 0 3 5 7 2 4 6 1
