14 0 14 5 4 6 3 7 1 0 2
14 1 13 5 4 0 3 7 1 6 2
15 1 14 5 4 6 3 7 0 1 2
15 2 13 5 4 3 0 7 1 6 2
15 4 11 5 4 2 3 7 1 6 0
14 6 8 5 4 2 3 0 1 6 7
13 7 6 0 4 2 3 5 1 6 7
12 10 2 1 4 2 3 5 0 6 7
12 11 1 1 0 2 3 5 4 6 7
13 11 2 1 4 2 3 0 5 6 7
13 11 2 1 4 2 3 5 6 0 7
13 12 1 0 1 2 3 5 4 6 7
13 12 1 1 2 0 3 5 4 6 7
14 7 7 5 4 2 3 1 0 6 7
14 8 6 4 0 2 3 5 1 6 7
12 9 3 4 1 2 3 5 0 6 7
13 10 3 4 1 2 3 0 5 6 7
11 11 0 0 1 2 3 4 5 6 7
12 12 0 1 0 2 3 4 5 6 7
13 10 3 4 1 2 3 5 6 0 7
13 13 0 1 2 0 3 4 5 6 7
14 12 2 1 4 2 3 5 6 7 0
14 13 1 1 2 3 0 5 4 6 7
14 14 0 1 2 3 0 4 5 6 7
14 11 3 4 1 2 3 5 6 7 0
15 5 10 5 4 3 7 0 1 6 2
15 1 14 5 4 6 3 7 1 2 0
12 3 9 5 4 6 3 0 1 2 7
12 4 8 5 4 6 3 1 0 2 7
12 5 7 5 4 6 3 1 2 0 7
13 4 9 0 4 6 3 5 1 2 7
13 5 8 5 0 6 3 1 4 2 7
13 7 6 0 4 6 3 1 5 2 7
13 6 7 5 4 0 3 1 2 6 7
13 5 8 4 0 6 3 5 1 2 7
13 7 6 5 4 3 0 1 2 6 7
12 9 3 0 4 3 5 1 2 6 7
13 6 7 0 5 6 3 1 4 2 7
13 10 3 1 4 3 5 0 2 6 7
13 7 6 5 0 4 3 1 2 6 7
13 11 2 1 4 3 5 2 0 6 7
13 8 5 0 5 4 3 1 2 6 7
14 6 8 4 1 6 3 5 0 2 7
14 8 6 5 2 4 3 1 0 6 7
14 12 2 1 0 3 5 2 4 6 7
14 9 5 1 5 4 3 0 2 6 7
14 7 7 4 1 6 3 0 5 2 7
14 7 7 4 1 6 3 5 2 0 7
13 8 5 4 1 0 3 5 2 6 7
14 10 4 3 5 4 0 1 2 6 7
14 8 6 5 4 3 7 1 2 6 0
14 7 7 1 5 6 3 0 4 2 7
14 8 6 3 5 6 0 1 4 2 7
14 10 4 4 0 3 5 1 2 6 7
14 13 1 1 3 0 5 2 4 6 7
14 8 6 1 4 6 3 0 5 2 7
14 9 5 3 4 6 0 1 5 2 7
14 8 6 5 2 6 3 1 4 0 7
14 6 8 5 4 6 3 1 2 7 0
14 6 8 3 4 6 0 5 1 2 7
14 7 7 1 4 6 3 5 0 2 7
14 9 5 3 5 0 6 1 4 2 7
14 7 7 3 4 0 6 5 1 2 7
14 8 6 1 4 6 3 5 2 0 7
13 9 4 1 4 0 3 5 2 6 7
14 10 4 3 0 5 6 1 4 2 7
14 8 6 3 0 4 6 5 1 2 7
14 10 4 1 0 4 3 5 2 6 7
12 11 1 1 2 4 3 5 0 6 7
13 12 1 1 2 4 3 0 5 6 7
13 12 1 1 2 4 3 5 6 0 7
14 10 4 1 4 3 0 5 2 6 7
14 11 3 0 3 5 6 1 4 2 7
14 13 1 1 2 4 3 5 6 7 0
14 14 0 1 3 5 0 2 4 6 7
14 8 6 5 0 2 3 1 4 6 7
14 10 4 1 5 4 3 2 0 6 7
14 9 5 4 1 3 0 5 2 6 7
14 11 3 1 0 4 3 2 5 6 7
14 11 3 0 1 3 4 5 2 6 7
14 8 6 1 5 6 3 4 0 2 7
14 9 5 4 0 1 3 5 2 6 7
14 9 5 1 5 6 3 4 2 0 7
14 10 4 4 2 1 3 5 0 6 7
15 12 3 1 4 3 5 2 6 0 7
15 9 6 4 1 0 3 5 6 2 7
15 12 3 1 0 3 4 5 2 6 7
13 13 0 1 2 3 4 5 0 6 7
14 14 0 1 2 3 4 0 5 6 7
14 14 0 1 2 3 4 5 6 0 7
15 10 5 1 5 0 3 4 2 6 7
15 4 11 0 4 3 5 7 1 6 2
14 7 7 2 4 3 5 7 1 6 0
13 9 4 2 4 3 5 0 1 6 7
13 10 3 2 4 3 5 1 0 6 7
14 7 7 1 4 3 5 7 0 6 2
14 10 4 0 4 3 5 2 1 6 7
14 11 3 2 0 3 5 1 4 6 7
14 12 2 0 2 3 5 1 4 6 7
14 12 2 2 3 0 5 1 4 6 7
14 13 1 1 2 3 5 0 4 6 7
14 13 1 2 3 5 0 1 4 6 7
15 11 4 4 2 1 3 0 5 6 7
13 12 1 0 2 1 3 4 5 6 7
14 13 1 2 0 1 3 4 5 6 7
15 4 11 5 4 1 3 7 0 6 2
15 11 4 2 4 3 5 1 6 0 7
15 8 7 1 4 3 5 0 7 6 2
15 11 4 1 0 5 3 4 2 6 7
15 8 7 0 1 6 3 4 5 2 7
15 15 0 1 2 3 4 5 6 7 0
