14 0 14 5 4 6 3 7 1 0 2
13 0 13 5 4 0 3 7 1 6 2
11 0 11 5 4 2 3 7 1 6 0
8 0 8 5 4 2 3 0 1 6 7
6 0 6 0 4 2 3 5 1 6 7
2 0 2 1 4 2 3 5 0 6 7
1 0 1 1 0 2 3 5 4 6 7
1 0 1 0 1 2 3 5 4 6 7
1 0 1 1 2 0 3 5 4 6 7
1 0 1 1 2 3 0 5 4 6 7
1 0 1 1 2 4 3 5 0 6 7
1 0 1 1 2 3 5 0 4 6 7
1 0 1 1 2 4 3 0 5 6 7
1 0 1 1 2 4 3 5 6 0 7
1 0 1 1 2 3 5 4 0 6 7
1 0 1 1 2 4 0 3 5 6 7
1 0 1 1 2 4 3 5 6 7 0
1 0 1 1 2 3 5 4 6 0 7
1 0 1 1 2 0 4 3 5 6 7
1 0 1 1 2 3 5 4 6 7 0
1 0 1 1 2 3 0 4 6 5 7
1 0 1 1 0 2 4 3 5 6 7
1 0 1 1 2 0 3 4 6 5 7
1 0 1 1 2 3 4 0 6 5 7
1 0 1 0 1 2 4 3 5 6 7
1 0 1 1 3 2 4 0 5 6 7
1 0 1 1 0 2 3 4 6 5 7
1 0 1 1 2 3 4 6 0 5 7
1 0 1 1 3 2 0 4 5 6 7
1 0 1 0 1 2 3 4 6 5 7
1 0 1 1 2 3 4 6 5 0 7
1 0 1 1 3 0 2 4 5 6 7
1 0 1 1 3 2 4 5 0 6 7
1 0 1 1 2 3 4 6 5 7 0
1 0 1 1 3 2 4 5 6 0 7
1 0 1 1 2 3 4 0 5 7 6
1 0 1 1 3 2 4 5 6 7 0
1 0 1 1 2 3 4 5 0 7 6
1 0 1 1 2 3 0 4 5 7 6
1 0 1 1 2 3 4 5 7 0 6
1 0 1 1 2 0 3 4 5 7 6
1 0 1 1 2 3 4 5 7 6 0
1 0 1 1 0 2 3 4 5 7 6
1 0 1 1 0 3 2 4 5 6 7
1 0 1 0 1 2 3 4 5 7 6
1 0 1 0 1 3 2 4 5 6 7
1 0 1 2 1 3 0 4 5 6 7
1 0 1 2 1 0 3 4 5 6 7
1 0 1 2 1 3 4 0 5 6 7
1 0 1 2 0 1 3 4 5 6 7
1 0 1 2 1 3 4 5 0 6 7
1 0 1 0 2 1 3 4 5 6 7
1 0 1 2 1 3 4 5 6 0 7
1 0 1 2 1 3 4 5 6 7 0
2 0 2 1 4 2 3 0 5 6 7
0 0 0 1 0 2 3 4 5 6 7
0 0 0 0 1 2 3 4 5 6 7
0 0 0 1 2 0 3 4 5 6 7
0 0 0 1 2 3 0 4 5 6 7
0 0 0 1 2 3 4 0 5 6 7
0 0 0 1 2 3 4 5 0 6 7
0 0 0 1 2 3 4 5 6 0 7
