13 0 13 4 6 7 0 5 3 1 2
13 1 12 4 6 0 7 5 3 1 2
13 2 11 4 0 6 7 5 3 1 2
14 2 12 4 6 1 7 5 3 0 2
14 1 13 4 6 7 2 5 3 1 0
14 3 11 4 6 1 7 5 3 2 0
14 5 9 4 1 6 7 5 3 0 2
14 3 11 4 6 1 7 5 0 3 2
14 3 11 4 3 6 7 5 0 1 2
14 6 8 4 1 6 7 5 3 2 0
14 4 10 4 3 6 7 0 5 1 2
13 6 7 4 3 6 7 2 5 1 0
14 4 10 4 3 6 7 5 1 0 2
14 4 10 4 6 1 0 5 3 2 7
14 7 7 4 3 6 0 2 5 1 7
14 5 9 4 3 6 7 5 1 2 0
14 8 6 4 3 0 6 2 5 1 7
15 3 12 4 6 7 2 0 3 1 5
15 8 7 4 1 6 7 0 3 2 5
15 7 8 4 1 6 0 5 3 2 7
15 5 10 4 0 1 7 5 3 6 2
15 4 11 4 0 1 7 5 6 3 2
15 8 7 4 1 0 6 5 3 2 7
15 4 11 4 6 7 2 3 0 1 5
15 7 8 4 3 6 7 0 1 2 5
15 9 6 4 3 1 6 2 5 0 7
15 6 9 4 1 0 7 5 3 6 2
15 7 8 4 6 1 2 5 3 0 7
14 10 4 4 0 1 2 5 3 6 7
15 9 6 0 3 6 4 2 5 1 7
15 6 9 4 3 6 0 5 1 2 7
15 5 10 4 6 0 1 5 3 2 7
15 11 4 0 4 1 2 5 3 6 7
15 11 4 4 1 0 2 5 3 6 7
15 7 8 4 3 0 6 5 1 2 7
15 6 9 4 6 2 1 5 3 0 7
14 9 5 4 0 2 1 5 3 6 7
15 8 7 4 0 3 6 5 1 2 7
15 10 5 0 4 2 1 5 3 6 7
15 10 5 4 2 0 1 5 3 6 7
15 12 3 1 4 2 0 5 3 6 7
15 5 10 4 6 1 7 0 3 2 5
15 5 10 4 3 0 7 5 1 6 2
15 6 9 4 6 1 7 3 0 2 5
15 6 9 4 0 3 7 5 1 6 2
15 10 5 4 3 1 6 2 0 5 7
15 8 7 4 3 6 7 1 0 2 5
15 3 12 0 4 6 7 5 3 1 2
14 6 8 2 4 6 7 5 3 1 0
15 7 8 4 3 6 7 2 5 0 1
15 5 10 4 6 7 2 3 1 0 5
15 9 6 4 1 2 6 5 3 0 7
15 4 11 4 6 0 2 5 3 1 7
13 5 8 4 6 1 2 5 3 0 7
12 8 4 4 0 1 2 5 3 6 7
13 9 4 0 4 1 2 5 3 6 7
13 9 4 4 1 0 2 5 3 6 7
14 6 8 4 6 1 2 5 0 3 7
12 7 5 4 0 1 2 5 6 3 7
13 8 5 0 4 1 2 5 6 3 7
13 8 5 4 1 0 2 5 6 3 7
13 9 4 4 1 3 2 5 6 0 7
14 6 8 4 6 1 2 5 3 7 0
14 9 5 4 3 1 2 5 0 6 7
14 10 4 4 1 3 2 5 0 6 7
14 10 4 4 1 3 2 5 6 7 0
14 10 4 4 1 2 0 5 3 6 7
14 9 5 4 1 2 0 5 6 3 7
14 12 2 0 1 2 4 5 3 6 7
14 11 3 0 1 2 4 5 6 3 7
15 10 5 4 3 1 2 0 5 6 7
13 11 2 0 3 1 2 4 5 6 7
14 12 2 3 0 1 2 4 5 6 7
15 12 3 4 1 2 3 5 6 0 7
15 13 2 1 0 2 4 5 3 6 7
15 12 3 1 0 2 4 5 6 3 7
15 14 1 1 3 2 4 5 0 6 7
15 13 2 2 3 1 0 4 5 6 7
15 13 2 3 1 0 2 4 5 6 7
15 12 3 0 3 1 2 5 4 6 7
15 11 4 4 1 3 2 0 5 6 7
13 12 1 0 1 3 2 4 5 6 7
14 13 1 1 0 3 2 4 5 6 7
15 13 2 0 1 3 2 5 4 6 7
15 14 1 2 1 3 0 4 5 6 7
15 14 1 1 3 0 2 4 5 6 7
15 7 8 2 4 6 0 5 3 1 7
15 10 5 2 4 1 0 5 6 3 7
15 8 7 2 4 0 6 5 3 1 7
15 10 5 4 3 1 2 5 6 0 7
15 9 6 2 0 4 6 5 3 1 7
15 9 6 2 4 1 6 5 3 0 7
15 8 7 2 4 6 7 0 3 1 5
15 5 10 0 3 6 7 4 5 1 2
14 8 6 2 3 6 7 4 5 1 0
15 9 6 2 4 6 7 3 0 1 5
15 6 9 3 0 6 7 4 5 1 2
15 9 6 2 3 6 0 4 5 1 7
15 10 5 2 4 6 7 3 1 0 5
15 7 8 4 6 1 2 0 5 3 7
15 11 4 2 4 1 0 5 3 6 7
15 5 10 4 1 0 7 5 6 3 2
15 9 6 4 3 6 7 1 2 0 5
15 10 5 2 3 0 6 4 5 1 7
15 11 4 2 4 6 7 3 1 5 0
15 8 7 0 6 1 2 4 5 3 7
15 6 9 4 1 3 7 5 6 0 2
15 10 5 4 3 6 7 1 2 5 0
15 11 4 2 3 1 6 4 5 0 7
16 7 9 4 0 1 7 3 6 2 5
16 7 9 4 1 3 7 5 0 6 2
16 10 6 2 3 4 6 5 0 1 7
16 10 6 2 0 6 7 3 4 1 5
16 9 7 2 3 6 7 4 5 0 1
16 10 6 2 4 1 6 5 3 7 0
16 9 7 0 4 6 7 2 3 1 5
16 6 10 0 6 1 7 4 3 2 5
16 11 5 4 3 1 2 5 6 7 0
16 13 3 1 4 0 2 5 3 6 7
16 11 5 2 4 0 1 5 6 3 7
16 13 3 2 4 1 3 5 6 0 7
16 9 7 0 1 6 7 4 3 2 5
16 11 5 4 2 1 0 5 3 6 7
16 10 6 2 4 6 5 0 3 1 7
16 15 1 1 3 2 0 4 5 6 7
16 8 8 4 3 2 7 5 1 6 0
16 9 7 4 1 3 6 5 0 2 7
16 14 2 1 0 3 2 5 4 6 7
16 15 1 2 1 0 3 4 5 6 7
16 2 14 4 6 7 2 5 3 0 1
15 3 12 4 6 0 2 5 3 7 1
16 10 6 4 3 2 1 5 0 6 7
16 10 6 4 1 6 5 0 3 2 7
16 13 3 3 0 1 2 5 4 6 7
16 6 10 4 3 1 7 5 0 6 2
16 9 7 4 0 3 6 2 5 1 7
16 9 7 0 1 6 4 5 3 2 7
16 7 9 4 6 2 1 5 3 7 0
16 14 2 3 1 2 0 4 5 6 7
16 14 2 2 3 0 1 4 5 6 7
16 4 12 0 6 7 2 4 3 1 5
15 6 9 2 6 7 0 4 3 1 5
15 7 8 2 6 0 7 4 3 1 5
15 8 7 2 0 6 7 4 3 1 5
16 4 12 4 6 2 7 5 3 1 0
16 13 3 1 2 0 4 5 6 3 7
14 14 0 1 2 3 4 5 6 0 7
15 15 0 1 2 3 4 5 0 6 7
15 15 0 1 2 3 4 5 6 7 0
