15 0 15 0 6 5 2 7 3 4 1
12 3 9 1 6 5 2 7 3 4 0
12 5 7 1 6 5 2 0 3 4 7
12 8 4 1 6 5 0 2 3 4 7
12 9 3 1 6 0 5 2 3 4 7
12 10 2 1 0 6 5 2 3 4 7
13 9 4 1 6 5 7 2 3 4 0
13 10 3 1 6 4 5 2 3 0 7
13 4 9 1 6 5 2 7 3 0 4
13 6 7 1 6 0 2 7 3 4 5
13 5 8 1 6 0 2 7 3 5 4
13 8 5 1 0 5 2 6 3 4 7
13 6 7 1 6 5 2 3 0 4 7
11 7 4 1 0 5 2 3 6 4 7
12 8 4 0 1 5 2 3 6 4 7
12 8 4 1 5 0 2 3 6 4 7
13 11 2 1 3 6 5 2 0 4 7
13 9 4 1 3 5 2 6 0 4 7
13 12 1 1 3 6 5 2 4 0 7
13 9 4 1 5 2 0 3 6 4 7
13 7 6 1 6 5 2 3 4 0 7
12 8 4 1 6 0 2 3 4 5 7
13 10 3 1 0 5 2 3 4 6 7
13 9 4 1 0 6 2 3 4 5 7
13 9 4 1 6 2 0 3 4 5 7
14 7 7 1 0 6 2 7 3 4 5
14 7 7 1 6 2 0 7 3 4 5
14 13 1 1 3 0 5 2 4 6 7
14 7 7 1 0 5 2 7 3 6 4
14 5 9 1 6 5 2 7 0 3 4
14 10 4 1 3 5 2 6 4 0 7
14 13 1 1 0 4 5 2 3 6 7
14 9 5 1 5 4 2 3 6 0 7
14 10 4 2 1 5 0 3 6 4 7
14 9 5 1 6 0 2 3 5 4 7
14 6 8 1 0 5 2 7 6 3 4
14 11 3 1 3 0 2 6 4 5 7
14 10 4 1 4 5 2 3 6 0 7
14 8 6 1 3 5 2 7 0 6 4
14 11 3 1 4 0 2 3 6 5 7
14 14 0 1 3 5 0 2 4 6 7
14 9 5 1 5 0 2 6 3 4 7
14 8 6 1 3 6 2 7 0 4 5
14 9 5 3 1 5 2 0 6 4 7
14 9 5 0 1 5 2 6 3 4 7
14 10 4 0 1 6 2 3 4 5 7
14 11 3 1 5 0 2 3 4 6 7
14 10 4 1 3 5 2 0 6 4 7
14 6 8 1 6 2 0 7 3 5 4
14 11 3 0 1 5 2 3 4 6 7
14 6 8 0 6 5 2 1 3 4 7
13 8 5 2 6 5 0 1 3 4 7
13 9 4 2 6 0 5 1 3 4 7
13 10 3 2 0 6 5 1 3 4 7
13 11 2 0 2 6 5 1 3 4 7
14 11 3 0 1 6 5 2 3 4 7
14 6 8 1 0 6 2 7 3 5 4
14 7 7 1 6 2 4 7 3 5 0
14 9 5 2 6 5 7 1 3 4 0
14 12 2 1 2 6 5 0 3 4 7
14 9 5 1 6 2 4 0 3 5 7
14 10 4 2 6 4 5 1 3 0 7
14 7 7 1 3 6 2 7 0 5 4
14 11 3 2 3 6 5 1 0 4 7
14 12 2 2 3 6 5 1 4 0 7
15 8 7 1 6 5 2 3 4 7 0
15 9 6 1 3 6 2 0 7 4 5
15 10 5 3 1 5 2 6 0 4 7
15 9 6 1 3 6 2 7 4 0 5
15 10 5 1 5 2 7 3 6 4 0
15 15 0 1 3 5 7 2 4 6 0
