4 0 4 2 1 0 3 5 6 7 4
5 1 4 2 0 1 3 5 6 7 4
5 1 4 2 1 3 0 5 6 7 4
3 2 1 2 1 3 4 5 6 7 0
4 3 1 2 1 3 4 5 6 0 7
5 3 2 2 1 4 3 5 6 7 0
5 4 1 2 1 3 4 5 0 6 7
6 2 4 0 2 1 3 5 6 7 4
6 4 2 2 1 4 3 5 6 0 7
6 5 1 2 1 3 4 0 5 6 7
7 4 3 2 1 3 4 0 6 7 5
7 5 2 2 1 4 3 5 0 6 7
7 3 4 0 1 3 2 5 6 7 4
8 4 4 2 1 0 4 5 6 3 7
8 6 2 0 1 3 4 2 5 6 7
8 1 7 2 1 7 3 5 6 0 4
8 5 3 2 1 0 3 5 6 4 7
8 4 4 2 1 3 5 0 6 7 4
8 5 3 2 1 3 4 6 0 7 5
8 6 2 2 1 3 5 4 6 7 0
8 4 4 1 0 3 2 5 6 7 4
8 6 2 2 1 4 3 0 5 6 7
9 8 1 2 1 3 0 4 5 6 7
9 7 2 2 1 3 5 4 6 0 7
9 6 3 2 1 3 0 5 6 4 7
9 5 4 1 3 0 2 5 6 7 4
9 2 7 2 6 1 3 5 0 7 4
9 6 3 2 1 3 4 6 7 0 5
9 5 4 4 2 1 3 5 6 7 0
9 5 4 2 1 3 5 6 0 7 4
9 6 3 2 0 1 3 5 6 4 7
9 5 4 2 0 3 4 5 1 6 7
9 2 7 2 1 7 3 5 0 6 4
9 2 7 2 1 7 3 5 6 4 0
9 5 4 2 0 1 4 5 6 3 7
9 7 2 1 0 3 4 2 5 6 7
9 5 4 2 1 4 0 5 6 3 7
9 5 4 2 1 4 3 0 6 7 5
9 4 5 2 1 4 0 5 6 7 3
9 3 6 2 1 6 3 5 0 7 4
9 5 4 0 1 3 4 2 6 7 5
10 7 3 0 1 4 3 2 5 6 7
10 7 3 2 1 3 4 7 5 6 0
10 5 5 2 1 0 4 5 6 7 3
10 4 6 2 1 6 3 5 7 0 4
10 6 4 1 0 3 4 2 6 7 5
10 5 5 0 1 3 4 5 6 7 2
10 10 0 1 2 3 4 0 5 6 7
10 4 6 2 1 6 3 0 5 7 4
10 6 4 2 1 4 3 6 0 7 5
10 5 5 0 1 3 5 2 6 7 4
10 8 2 2 3 1 4 5 6 0 7
10 8 2 1 3 0 4 2 5 6 7
10 4 6 3 2 1 0 5 6 7 4
8 5 3 3 2 1 4 5 6 7 0
9 6 3 3 2 1 4 5 6 0 7
10 6 4 0 2 1 4 5 6 3 7
10 5 5 2 1 0 3 5 7 6 4
10 3 7 2 1 7 3 0 5 6 4
10 6 4 0 2 3 4 5 1 6 7
9 9 0 1 2 3 4 5 0 6 7
10 6 4 2 3 0 4 5 1 6 7
10 7 3 0 2 1 3 5 6 4 7
10 6 4 2 1 3 5 6 7 0 4
10 7 3 0 1 3 4 5 2 6 7
10 10 0 1 2 3 4 5 6 0 7
10 5 5 2 1 7 3 4 5 6 0
9 8 1 2 1 0 3 4 5 6 7
10 4 6 2 5 1 3 0 6 7 4
10 6 4 4 2 1 3 5 6 0 7
10 9 1 2 0 1 3 4 5 6 7
10 6 4 2 5 1 3 4 6 7 0
10 3 7 5 2 1 3 0 6 7 4
10 7 3 2 1 0 4 5 3 6 7
10 5 5 5 2 1 3 4 6 7 0
10 6 4 4 1 3 2 5 6 7 0
10 7 3 3 2 1 4 5 0 6 7
10 4 6 2 1 3 7 5 6 0 4
10 3 7 2 6 1 3 5 7 0 4
10 7 3 2 1 3 4 6 7 5 0
10 8 2 1 3 4 2 5 6 7 0
10 3 7 2 6 1 3 0 5 7 4
10 9 1 1 3 4 0 2 5 6 7
10 5 5 2 6 1 3 4 5 7 0
10 7 3 2 1 3 0 4 6 7 5
10 6 4 2 1 6 3 4 5 7 0
10 8 2 2 1 0 3 5 4 6 7
10 8 2 2 1 3 5 4 0 6 7
11 5 6 2 1 6 3 5 7 4 0
11 7 4 1 3 0 4 2 6 7 5
11 6 5 2 0 1 4 5 6 7 3
11 6 5 2 0 3 4 5 6 1 7
11 8 3 1 0 4 3 2 5 6 7
11 8 3 1 3 4 0 2 6 7 5
11 6 5 1 0 3 4 5 6 7 2
11 9 2 2 1 3 5 0 4 6 7
11 9 2 2 1 0 3 4 5 7 6
11 8 3 2 0 3 4 1 5 6 7
11 9 2 2 0 1 3 5 4 6 7
11 7 4 2 1 6 3 4 5 0 7
11 8 3 2 1 0 3 4 6 7 5
11 8 3 2 1 3 4 7 5 0 6
11 9 2 2 1 4 0 3 5 6 7
11 7 4 0 1 4 2 5 6 3 7
11 6 5 2 0 1 3 6 5 7 4
11 6 5 2 6 1 3 4 5 0 7
11 10 1 1 3 4 7 2 5 6 0
11 9 2 1 3 4 2 5 6 0 7
11 6 5 0 1 4 3 2 6 7 5
11 5 6 2 1 3 7 5 0 6 4
11 4 7 2 6 1 3 5 7 4 0
11 5 6 2 1 3 7 5 6 4 0
11 6 5 0 1 4 2 5 6 7 3
11 8 3 1 5 3 4 2 0 6 7
11 7 4 4 1 3 2 5 6 0 7
11 8 3 3 2 1 4 0 5 6 7
11 6 5 5 2 1 3 4 6 0 7
11 8 3 0 2 1 3 4 6 7 5
11 4 7 2 1 7 3 0 6 4 5
11 8 3 2 0 1 4 5 3 6 7
11 8 3 2 1 4 0 5 3 6 7
11 7 4 2 5 1 3 4 6 0 7
11 4 7 5 2 1 3 6 0 7 4
11 7 4 2 1 3 5 6 7 4 0
11 8 3 1 0 3 4 5 2 6 7
11 6 5 2 1 7 3 4 5 0 6
9 7 2 2 1 0 3 4 5 7 6
10 8 2 2 0 1 3 4 5 7 6
10 8 2 2 1 3 0 4 5 7 6
11 5 6 2 5 1 3 6 0 7 4
11 10 1 0 2 1 3 4 5 6 7
11 11 0 1 2 3 4 5 6 7 0
