17 0 17 6 5 4 3 0 7 2 1
15 1 14 0 5 4 3 6 7 2 1
12 4 8 1 5 4 3 6 7 2 0
13 5 8 1 5 4 3 6 7 0 2
14 5 9 1 5 4 0 6 7 2 3
14 6 8 1 5 4 3 0 7 2 6
14 6 8 1 5 4 3 6 0 7 2
14 7 7 1 0 4 3 6 5 7 2
15 6 9 1 5 0 4 6 7 2 3
13 7 6 1 5 2 4 6 7 0 3
14 8 6 1 5 2 4 6 0 7 3
14 8 6 1 5 2 4 6 7 3 0
14 9 5 1 0 2 4 6 5 7 3
15 6 9 1 5 0 3 6 7 4 2
14 9 5 1 5 2 3 6 7 4 0
15 8 7 1 4 0 3 6 5 7 2
14 11 3 1 4 2 3 6 5 7 0
15 7 8 1 5 0 3 6 7 2 4
13 8 5 1 5 2 3 6 7 0 4
14 9 5 1 5 2 3 6 0 7 4
14 10 4 1 0 2 3 6 5 7 4
15 12 3 1 4 2 3 6 5 0 7
15 8 7 1 5 4 2 6 7 0 3
15 11 4 0 1 2 3 6 5 7 4
15 11 4 1 2 0 3 6 5 7 4
15 2 13 6 5 4 3 1 7 2 0
14 5 9 0 5 4 3 1 7 2 6
15 10 5 1 5 2 3 0 6 7 4
15 8 7 0 1 4 3 6 5 7 2
14 11 3 2 1 4 3 6 5 7 0
15 3 12 3 5 4 0 6 7 2 1
13 4 9 3 5 4 1 6 7 2 0
14 5 9 3 5 4 1 6 7 0 2
15 7 8 1 5 4 3 0 6 7 2
15 12 3 2 1 4 3 6 5 0 7
15 6 9 3 5 4 1 0 7 2 6
15 6 9 3 5 4 1 6 0 7 2
15 9 6 1 5 4 3 2 6 7 0
15 7 8 3 0 4 1 6 5 7 2
15 10 5 1 5 4 3 2 6 0 7
15 7 8 3 5 4 0 1 7 2 6
15 11 4 1 5 4 3 2 0 6 7
15 12 3 1 5 2 3 4 6 7 0
15 9 6 1 0 4 3 5 7 2 6
14 12 2 1 2 4 3 5 7 0 6
15 10 5 0 1 2 4 6 5 7 3
15 10 5 1 2 0 4 6 5 7 3
14 13 1 1 2 3 4 6 5 7 0
15 7 8 1 5 4 3 7 0 2 6
15 14 1 1 2 3 4 6 5 0 7
15 8 7 1 0 4 3 7 5 2 6
14 11 3 1 2 4 3 7 5 0 6
15 9 6 1 5 2 4 0 6 7 3
15 13 2 1 2 4 3 5 0 7 6
15 13 2 1 2 4 3 5 7 6 0
15 8 7 3 5 0 4 1 7 2 6
15 12 3 1 0 4 3 2 5 6 7
15 12 3 1 2 4 3 7 0 5 6
15 12 3 1 2 4 3 7 5 6 0
15 11 4 1 5 2 4 3 6 7 0
15 14 1 1 2 4 3 0 5 6 7
16 9 7 1 5 4 2 6 0 7 3
16 13 3 1 2 0 3 5 7 4 6
16 10 6 0 1 4 3 5 7 2 6
16 10 6 1 4 0 3 5 7 2 6
14 11 3 1 4 2 3 5 7 0 6
15 12 3 1 4 2 3 5 0 7 6
15 12 3 1 4 2 3 5 7 6 0
15 13 2 1 0 2 3 5 4 7 6
16 10 6 1 0 2 4 6 7 5 3
16 13 3 1 4 2 3 6 0 5 7
16 11 5 1 0 2 3 6 7 5 4
16 8 8 0 3 4 1 6 5 7 2
15 11 4 2 3 4 1 6 5 7 0
16 8 8 3 4 0 1 6 5 7 2
16 10 6 1 5 4 0 2 6 7 3
16 9 7 1 5 3 4 6 7 2 0
16 8 8 1 0 5 3 6 7 2 4
15 11 4 1 2 5 3 6 7 0 4
16 7 9 3 5 4 1 7 0 2 6
16 12 4 2 3 4 1 6 5 0 7
16 9 7 3 0 4 1 5 7 2 6
16 12 4 1 2 5 3 6 0 7 4
16 12 4 1 2 5 3 6 7 4 0
16 8 8 3 0 4 1 7 5 2 6
16 10 6 1 3 4 0 6 5 7 2
14 11 3 1 3 4 2 6 5 7 0
15 12 3 1 3 4 2 6 5 0 7
16 8 8 1 5 3 0 6 7 2 4
16 14 2 1 0 2 3 6 4 5 7
16 13 3 1 3 4 2 0 5 7 6
16 13 3 1 3 4 2 6 0 5 7
16 7 9 3 5 4 1 0 6 7 2
16 8 8 3 5 4 6 1 7 2 0
16 13 3 1 5 2 3 4 6 0 7
16 13 3 1 4 2 3 0 5 7 6
16 9 7 1 4 3 0 6 5 7 2
14 10 4 1 4 3 2 6 5 7 0
15 11 4 1 4 3 2 6 5 0 7
16 13 3 2 1 4 3 0 5 7 6
16 4 12 3 5 0 4 6 7 2 1
14 5 9 3 5 2 4 6 7 0 1
15 7 8 3 5 1 4 6 7 2 0
15 6 9 3 5 2 4 6 0 7 1
15 6 9 3 5 2 4 6 7 1 0
15 7 8 3 0 2 4 6 5 7 1
16 13 3 0 1 4 3 2 5 6 7
16 7 9 1 0 5 4 6 7 2 3
15 10 5 1 2 5 4 6 7 0 3
16 12 4 1 0 2 4 5 6 7 3
16 7 9 3 5 0 1 6 7 2 4
16 6 10 5 0 4 3 1 7 2 6
16 14 2 1 2 4 3 0 5 7 6
16 8 8 0 3 2 4 6 5 7 1
13 11 2 1 3 2 4 6 5 7 0
14 12 2 1 3 2 4 6 5 0 7
15 13 2 1 3 2 4 0 5 7 6
15 13 2 1 3 2 4 6 0 5 7
16 11 5 1 2 5 4 6 0 7 3
16 8 8 3 5 2 1 6 7 0 4
16 14 2 1 3 2 4 0 6 5 7
16 10 6 1 0 4 3 5 6 7 2
16 14 2 1 2 0 3 5 4 7 6
16 13 3 2 1 4 3 6 0 5 7
16 14 2 0 1 2 3 5 4 7 6
16 7 9 1 5 3 0 6 7 4 2
14 8 6 1 5 3 2 6 7 4 0
15 9 6 1 5 3 2 6 7 0 4
16 13 3 1 4 0 3 2 5 6 7
16 13 3 1 2 4 3 0 7 5 6
16 10 6 1 5 3 2 0 7 4 6
16 10 6 1 5 3 2 6 0 7 4
16 14 2 1 4 3 0 2 5 6 7
16 14 2 1 3 2 4 5 0 7 6
16 11 5 1 0 3 2 6 5 7 4
16 7 9 5 4 0 3 1 7 2 6
16 11 5 1 2 5 4 6 7 3 0
16 8 8 3 2 0 4 6 5 7 1
15 11 4 3 2 1 4 6 5 7 0
16 13 3 1 0 2 3 5 6 7 4
16 2 14 5 0 4 3 6 7 2 1
15 5 10 5 2 4 3 6 7 0 1
16 12 4 3 2 1 4 6 5 0 7
16 6 10 5 2 4 3 6 0 7 1
16 11 5 1 5 0 3 2 6 4 7
16 9 7 3 5 2 4 1 7 0 6
16 13 3 3 1 2 4 6 5 7 0
16 11 5 1 2 4 0 6 5 7 3
14 12 2 1 2 4 3 6 5 7 0
15 13 2 1 2 4 3 6 5 0 7
16 15 1 1 2 3 4 0 5 7 6
16 9 7 1 5 4 2 6 7 3 0
16 6 10 5 2 4 3 6 7 1 0
16 12 4 1 5 3 0 2 6 4 7
16 14 2 1 2 4 3 6 0 5 7
16 10 6 3 5 2 4 1 0 7 6
16 7 9 3 5 2 4 0 6 7 1
16 11 5 3 0 2 4 1 5 7 6
16 9 7 3 5 4 1 2 6 7 0
16 9 7 3 5 2 4 1 6 7 0
16 12 4 1 5 2 4 3 6 0 7
16 10 6 3 5 2 4 1 6 0 7
16 7 9 1 0 5 3 6 7 4 2
16 11 5 3 5 2 4 1 0 6 7
16 8 8 1 0 4 3 6 7 5 2
16 12 4 3 0 2 4 1 5 6 7
16 10 6 1 0 4 2 6 5 7 3
16 12 4 1 2 0 3 7 5 4 6
16 9 7 1 4 0 3 7 5 2 6
14 10 4 1 4 2 3 7 5 0 6
15 11 4 1 4 2 3 7 0 5 6
15 11 4 1 4 2 3 7 5 6 0
15 12 3 1 0 2 3 7 4 5 6
15 13 2 1 4 2 3 0 5 6 7
16 11 5 1 5 2 3 0 7 4 6
16 12 4 1 4 2 3 0 7 5 6
16 13 3 0 1 2 3 7 4 5 6
16 13 3 1 2 0 3 7 4 5 6
16 16 0 1 0 2 3 4 5 6 7
16 14 2 1 4 2 3 5 0 6 7
16 15 1 1 2 4 3 5 0 6 7
16 15 1 1 0 2 3 5 4 6 7
16 6 10 3 5 0 1 6 7 4 2
16 9 7 1 5 4 0 3 7 2 6
16 3 13 6 5 4 0 1 7 2 3
15 5 10 0 5 4 6 1 7 2 3
15 6 9 1 5 4 6 0 7 2 3
15 8 7 1 5 4 6 3 7 2 0
16 10 6 1 5 0 4 3 7 2 6
16 15 1 1 2 3 4 6 0 5 7
16 9 7 0 1 4 3 7 5 2 6
16 6 10 3 5 4 2 6 7 0 1
16 5 11 6 5 0 3 1 7 2 4
16 10 6 1 5 2 4 0 7 3 6
17 14 3 1 3 4 2 0 6 5 7
17 12 5 1 5 2 3 7 0 4 6
16 8 8 1 5 4 3 7 2 0 6
16 11 5 1 5 2 4 3 7 0 6
16 12 4 1 4 3 2 6 0 5 7
16 12 4 1 2 3 0 6 5 7 4
16 9 7 1 5 2 0 6 7 3 4
16 4 12 6 5 0 4 1 7 2 3
16 7 9 1 5 4 6 7 0 2 3
16 9 7 1 5 0 3 7 2 4 6
16 13 3 1 0 3 2 6 4 5 7
17 7 10 3 5 4 2 6 0 7 1
17 6 11 6 5 2 3 1 7 0 4
17 11 6 1 5 2 4 7 0 3 6
17 13 4 1 0 2 4 5 7 3 6
17 7 10 3 5 4 2 6 7 1 0
17 12 5 1 4 0 2 6 5 3 7
17 16 1 1 2 3 4 0 6 5 7
17 9 8 1 5 4 6 3 7 0 2
17 6 11 5 0 4 6 1 7 2 3
17 14 3 1 5 2 3 4 0 6 7
15 15 0 1 0 2 3 4 5 6 7
16 16 0 0 1 2 3 4 5 6 7
16 16 0 1 2 0 3 4 5 6 7
17 7 10 3 0 5 1 6 7 4 2
17 15 2 1 0 2 3 4 7 5 6
17 14 3 1 2 3 0 7 4 5 6
17 15 2 0 1 2 3 6 4 5 7
17 9 8 0 3 4 1 7 5 2 6
17 14 3 1 3 4 2 5 0 7 6
17 15 2 1 2 0 3 6 4 5 7
17 10 7 3 0 4 1 5 6 7 2
17 13 4 1 0 4 3 2 6 5 7
17 9 8 1 4 0 3 6 7 5 2
16 12 4 1 4 2 3 6 7 5 0
17 13 4 1 0 2 3 7 5 4 6
17 10 7 1 4 3 0 7 5 2 6
17 15 2 3 1 2 4 0 5 6 7
17 11 6 1 4 0 2 6 5 7 3
17 9 8 1 5 0 2 6 7 4 3
17 13 4 3 2 0 4 1 5 6 7
17 11 6 0 1 4 2 6 5 7 3
17 11 6 3 2 4 1 7 5 0 6
17 13 4 1 2 5 3 0 6 7 4
17 9 8 0 1 4 3 6 7 5 2
16 12 4 2 1 4 3 6 7 5 0
17 13 4 0 3 2 4 1 5 6 7
15 14 1 1 3 2 4 0 5 6 7
16 15 1 1 3 2 4 5 0 6 7
17 11 6 3 5 0 4 1 6 2 7
17 13 4 1 5 2 4 3 0 6 7
15 14 1 1 0 2 4 3 5 6 7
16 15 1 0 1 2 4 3 5 6 7
16 15 1 1 2 0 4 3 5 6 7
17 14 3 1 2 0 3 6 5 4 7
17 10 7 3 4 0 1 5 7 2 6
17 12 5 1 5 4 3 0 2 6 7
17 12 5 3 2 0 4 1 5 7 6
17 10 7 0 3 4 1 5 7 2 6
17 14 3 3 1 2 4 0 5 7 6
17 10 7 3 0 2 4 5 6 7 1
17 13 4 1 3 0 2 6 5 4 7
17 9 8 0 2 4 3 6 7 1 5
17 12 5 0 3 2 4 1 5 7 6
17 8 9 3 5 4 1 7 2 0 6
17 16 1 1 2 3 4 5 0 7 6
17 9 8 0 1 5 3 6 7 2 4
17 13 4 1 5 3 7 2 6 4 0
17 14 3 0 1 2 3 5 6 7 4
17 12 5 1 0 5 3 2 6 4 7
17 13 4 2 3 4 1 6 0 5 7
17 11 6 3 4 2 1 6 5 7 0
17 12 5 1 2 0 3 6 7 5 4
17 9 8 0 2 4 3 6 5 7 1
17 7 10 5 2 4 3 0 6 7 1
15 8 7 0 2 4 3 5 6 7 1
12 11 1 1 2 4 3 5 6 7 0
13 12 1 1 2 4 3 5 6 0 7
14 13 1 1 2 4 3 5 0 6 7
15 13 2 1 2 0 3 5 6 4 7
16 9 7 2 0 4 3 5 6 7 1
16 12 4 1 2 4 0 5 6 7 3
16 13 3 1 2 4 3 0 6 7 5
16 14 2 1 0 2 3 5 6 4 7
16 14 2 1 2 3 0 5 6 4 7
17 14 3 1 4 2 3 0 6 5 7
17 14 3 1 2 4 3 6 0 7 5
17 14 3 3 1 2 4 6 5 0 7
17 15 2 0 1 2 3 5 6 4 7
17 17 0 1 2 3 4 5 6 0 7
17 9 8 3 4 1 0 6 5 7 2
15 10 5 3 4 1 2 6 5 7 0
16 11 5 3 4 1 2 6 5 0 7
17 9 8 3 2 4 0 6 5 7 1
15 10 5 3 2 4 1 6 5 7 0
16 11 5 3 2 4 1 6 5 0 7
17 10 7 2 4 0 3 5 6 7 1
16 13 3 2 4 1 3 5 6 7 0
17 3 14 5 4 0 3 6 7 2 1
15 4 11 5 4 2 3 6 7 0 1
16 6 10 5 4 1 3 6 7 2 0
16 5 11 5 4 2 3 6 0 7 1
16 5 11 5 4 2 3 6 7 1 0
16 6 10 5 0 2 3 6 4 7 1
17 14 3 1 2 0 3 5 6 7 4
17 12 5 3 2 4 1 0 5 7 6
17 12 5 3 2 4 1 6 0 5 7
17 7 10 5 4 1 3 6 7 0 2
17 9 8 0 4 1 3 6 7 2 5
17 8 9 0 4 2 3 6 7 1 5
17 7 10 0 5 2 3 6 4 7 1
14 10 4 1 5 2 3 6 4 7 0
15 11 4 1 5 2 3 6 4 0 7
16 12 4 1 5 2 3 0 4 7 6
16 12 4 1 5 2 3 6 0 4 7
16 12 4 1 4 3 2 0 5 7 6
16 13 3 1 0 2 3 6 5 4 7
17 8 9 1 5 4 6 7 2 0 3
17 14 3 2 1 4 3 5 0 7 6
17 12 5 1 5 2 4 3 7 6 0
17 11 6 1 0 4 3 7 2 5 6
17 12 5 1 5 2 4 3 0 7 6
15 13 2 1 0 2 4 3 5 7 6
16 14 2 0 1 2 4 3 5 7 6
16 14 2 1 2 0 4 3 5 7 6
17 9 8 1 5 4 3 7 2 6 0
16 11 5 1 5 4 3 0 2 6 7
17 13 4 1 4 3 2 0 6 5 7
17 13 4 1 2 3 0 7 5 4 6
17 11 6 1 3 0 4 6 5 7 2
17 16 1 1 0 2 3 4 6 5 7
17 5 12 3 0 5 4 6 7 2 1
16 8 8 3 2 5 4 6 7 0 1
17 5 12 6 5 2 4 1 7 0 3
17 12 5 0 5 4 3 1 2 6 7
17 14 3 1 5 4 0 3 2 6 7
17 3 14 6 5 4 3 1 7 0 2
17 15 2 1 2 4 0 3 5 7 6
17 9 8 3 2 5 4 6 0 7 1
17 9 8 3 2 5 4 6 7 1 0
17 4 13 6 5 4 3 1 0 7 2
17 6 11 6 5 2 4 1 0 7 3
17 6 11 6 5 2 4 1 7 3 0
16 9 7 0 5 2 4 1 7 3 6
17 10 7 3 5 2 0 1 6 7 4
17 5 12 6 0 4 3 1 5 7 2
17 7 10 6 0 2 4 1 5 7 3
17 7 10 5 2 0 3 6 4 7 1
16 10 6 5 2 1 3 6 4 7 0
17 8 9 3 5 2 4 0 7 1 6
17 13 4 1 5 2 3 4 0 7 6
15 14 1 1 0 2 3 4 5 7 6
16 15 1 0 1 2 3 4 5 7 6
16 15 1 1 2 0 3 4 5 7 6
17 15 2 1 2 4 3 0 6 5 7
17 11 6 5 2 1 3 6 4 0 7
17 13 4 0 2 1 3 6 4 7 5
17 16 1 1 2 3 0 4 5 7 6
17 15 2 1 0 3 2 4 5 7 6
17 13 4 0 2 4 1 3 5 7 6
17 6 11 5 4 2 3 0 6 7 1
15 7 8 0 4 2 3 5 6 7 1
12 10 2 1 4 2 3 5 6 7 0
13 11 2 1 4 2 3 5 6 0 7
14 12 2 1 4 2 3 5 0 6 7
14 13 1 1 0 2 3 5 4 6 7
15 14 1 0 1 2 3 5 4 6 7
15 14 1 1 2 0 3 5 4 6 7
16 8 8 4 0 2 3 5 6 7 1
16 11 5 1 4 2 0 5 6 7 3
16 12 4 1 4 2 3 0 6 7 5
16 15 1 1 2 3 0 5 4 6 7
17 8 9 3 0 4 2 6 5 7 1
17 11 6 0 1 2 4 6 7 5 3
17 9 8 3 5 1 4 0 7 2 6
17 8 9 3 5 1 0 6 7 2 4
16 8 8 3 5 1 4 6 7 0 2
17 12 5 1 0 2 4 7 5 3 6
17 7 10 6 5 2 3 1 0 7 4
17 10 7 1 5 3 0 7 2 4 6
17 10 7 1 0 5 3 7 2 4 6
15 11 4 1 2 5 3 7 0 4 6
16 12 4 1 2 5 3 0 7 4 6
16 12 4 1 2 5 3 7 4 0 6
17 9 8 4 2 0 3 5 6 7 1
16 12 4 4 2 1 3 5 6 7 0
17 9 8 3 5 1 4 6 0 7 2
17 12 5 1 4 0 2 5 6 7 3
17 8 9 6 0 2 3 1 5 7 4
17 13 4 1 2 5 3 7 4 6 0
17 13 4 4 2 1 3 5 6 0 7
17 10 7 3 0 1 4 6 5 7 2
17 13 4 1 5 3 7 0 2 4 6
17 15 2 1 2 5 3 0 4 6 7
17 14 3 1 0 2 4 3 7 5 6
17 14 3 1 5 3 7 2 0 4 6
17 8 9 0 4 2 3 6 5 7 1
17 9 8 3 4 2 0 5 6 7 1
15 10 5 3 4 2 1 5 6 7 0
16 11 5 3 4 2 1 5 6 0 7
17 15 2 1 0 2 3 4 6 7 5
17 13 4 1 4 2 3 6 0 7 5
17 14 3 2 4 1 3 5 6 0 7
17 15 2 1 3 2 4 5 7 0 6
17 10 7 1 5 3 4 6 7 0 2
17 9 8 5 2 4 3 1 6 7 0
17 10 7 1 5 4 0 3 6 7 2
16 11 5 1 5 4 2 3 6 7 0
17 13 4 3 2 4 0 1 5 7 6
17 12 5 0 1 3 2 6 5 7 4
17 11 6 1 4 3 0 5 7 2 6
17 13 4 1 0 3 2 5 7 4 6
17 10 7 1 4 5 3 6 7 0 2
17 15 2 1 4 3 7 2 5 6 0
17 12 5 1 3 4 0 5 7 2 6
17 14 3 1 2 3 0 5 7 4 6
17 12 5 3 2 4 1 5 7 0 6
17 13 4 3 2 1 4 0 5 7 6
17 8 9 0 1 5 3 6 7 4 2
16 11 5 2 1 5 3 6 7 4 0
17 16 1 1 3 2 4 5 6 0 7
17 12 5 1 3 2 0 6 5 7 4
17 14 3 1 0 2 3 5 7 4 6
17 11 6 1 4 0 3 5 6 7 2
17 13 4 2 1 4 3 6 7 0 5
17 11 6 0 1 4 3 5 6 7 2
17 15 2 1 2 3 0 5 4 7 6
17 15 2 1 2 5 3 4 6 7 0
17 15 2 1 0 2 4 3 6 5 7
17 12 5 1 5 2 0 3 6 7 4
17 10 7 3 1 4 0 6 5 7 2
15 11 4 3 1 4 2 6 5 7 0
17 9 8 1 5 0 3 6 4 7 2
17 9 8 5 2 4 3 1 7 0 6
17 11 6 1 3 4 0 7 5 2 6
17 7 10 5 7 4 3 1 0 2 6
17 10 7 1 5 4 2 0 6 7 3
17 13 4 1 2 0 4 5 6 7 3
16 16 0 1 2 3 4 5 6 7 0
