13 0 13 4 7 6 0 5 1 3 2
13 1 12 4 7 0 6 5 1 3 2
13 2 11 4 0 7 6 5 1 3 2
14 2 12 4 7 3 6 5 1 0 2
14 4 10 4 7 2 6 5 1 3 0
14 3 11 4 7 3 6 5 1 2 0
14 1 13 4 7 6 2 5 1 3 0
14 3 11 4 1 7 6 5 0 3 2
14 2 12 4 7 6 2 5 1 0 3
14 4 10 4 1 7 6 5 3 0 2
14 4 10 4 1 7 6 0 5 3 2
13 6 7 4 1 7 6 2 5 3 0
14 5 9 4 1 7 6 5 3 2 0
14 7 7 4 1 7 0 2 5 3 6
14 9 5 4 1 0 6 2 5 3 7
14 8 6 4 1 0 7 2 5 3 6
15 5 10 4 7 2 0 5 1 3 6
15 5 10 4 1 0 6 5 3 7 2
14 8 6 4 1 2 6 5 3 7 0
14 9 5 4 1 2 0 5 3 7 6
14 11 3 0 1 2 4 5 3 7 6
15 5 10 4 0 6 2 5 1 7 3
14 6 8 4 1 6 2 5 0 7 3
15 10 5 4 1 0 2 5 3 7 6
15 12 3 1 0 2 4 5 3 7 6
15 3 12 4 7 0 2 5 1 6 3
15 6 9 4 1 6 0 5 3 7 2
14 7 7 4 1 6 2 5 3 7 0
15 9 6 4 1 3 7 2 5 0 6
15 9 6 4 1 2 6 5 3 0 7
15 8 7 4 1 0 6 5 3 2 7
15 10 5 4 1 3 6 2 5 0 7
15 9 6 0 1 7 4 2 5 3 6
15 10 5 4 1 3 7 2 5 6 0
15 8 7 4 1 6 2 5 3 0 7
13 9 4 4 1 0 2 5 3 6 7
14 10 4 4 0 1 2 5 3 6 7
14 10 4 4 1 2 0 5 3 6 7
14 12 2 0 1 2 4 5 3 6 7
15 11 4 4 1 3 6 2 0 5 7
15 11 4 0 4 1 2 5 3 6 7
15 13 2 1 0 2 4 5 3 6 7
15 12 3 4 1 3 6 0 2 5 7
15 14 1 1 3 2 4 5 0 6 7
15 10 5 1 0 7 4 2 5 3 6
15 11 4 4 1 3 0 2 5 6 7
15 10 5 4 1 3 7 2 0 5 6
15 5 10 4 0 3 6 5 1 7 2
14 6 8 4 1 3 6 5 0 7 2
15 3 12 4 7 6 2 0 1 3 5
15 3 12 0 4 7 6 5 1 3 2
14 6 8 2 4 7 6 5 1 3 0
15 4 11 4 0 7 2 5 1 6 3
14 5 9 4 1 7 2 5 0 6 3
15 7 8 4 1 7 6 0 3 2 5
15 13 2 1 3 2 4 5 0 7 6
15 7 8 2 4 7 0 5 1 3 6
15 8 7 2 4 7 6 0 1 3 5
15 4 11 4 7 2 0 5 1 6 3
15 6 9 4 1 7 2 0 5 6 3
15 9 6 2 4 7 6 1 0 3 5
15 6 9 4 1 7 2 5 6 0 3
13 7 6 4 1 0 2 5 6 7 3
14 8 6 4 0 1 2 5 6 7 3
14 8 6 4 1 2 0 5 6 7 3
12 9 3 4 1 2 3 5 6 7 0
13 10 3 4 1 2 3 5 6 0 7
14 10 4 4 1 3 2 5 6 7 0
14 10 4 0 1 2 4 5 6 7 3
14 11 3 4 1 2 3 5 0 6 7
15 13 2 3 1 2 4 5 6 7 0
15 12 3 4 1 2 3 0 5 6 7
13 13 0 0 1 2 3 4 5 6 7
14 14 0 1 0 2 3 4 5 6 7
15 14 1 0 1 2 3 5 4 6 7
15 15 0 1 2 0 3 4 5 6 7
15 7 8 0 1 7 2 4 5 6 3
15 12 3 0 1 2 3 5 6 7 4
15 11 4 4 1 3 2 5 6 0 7
15 11 4 1 0 2 4 5 6 7 3
15 9 6 0 4 1 2 5 6 7 3
15 8 7 4 1 7 2 3 5 6 0
14 11 3 4 1 0 2 3 5 6 7
15 10 5 2 4 7 6 1 3 0 5
15 12 3 4 0 1 2 3 5 6 7
15 12 3 4 1 2 0 3 5 6 7
15 11 4 2 4 7 6 1 3 5 0
15 14 1 0 1 2 4 3 5 6 7
15 8 7 2 4 0 7 5 1 3 6
15 8 7 4 1 0 2 5 7 6 3
15 9 6 2 0 4 7 5 1 3 6
15 9 6 2 4 0 6 5 1 3 7
15 6 9 4 1 7 0 5 3 2 6
15 10 5 2 0 4 6 5 1 3 7
15 4 11 4 7 3 0 5 1 2 6
15 7 8 4 1 7 6 2 5 0 3
15 7 8 4 1 6 2 5 7 0 3
15 7 8 4 1 3 6 5 7 0 2
15 4 11 4 7 6 2 1 0 3 5
15 4 11 4 7 0 2 5 1 3 6
15 5 10 4 7 3 6 0 1 2 5
15 6 9 4 7 2 6 0 1 3 5
15 7 8 4 1 3 6 0 5 7 2
15 5 10 4 7 6 2 1 3 0 5
15 5 10 4 0 6 2 1 7 3 5
15 5 10 4 0 7 2 5 1 3 6
14 6 8 4 1 7 2 5 0 3 6
15 6 9 4 7 3 6 1 0 2 5
15 7 8 4 7 2 6 1 0 3 5
15 8 7 0 1 3 6 4 5 7 2
14 11 3 2 1 3 6 4 5 7 0
14 12 2 2 1 3 0 4 5 7 6
15 7 8 4 1 7 2 0 5 3 6
15 7 8 4 1 7 2 5 3 0 6
13 8 5 4 1 0 2 5 3 7 6
14 9 5 4 0 1 2 5 3 7 6
15 9 6 4 1 0 2 5 7 3 6
15 7 8 4 7 3 6 1 2 0 5
15 13 2 2 1 0 3 4 5 7 6
15 8 7 0 1 7 2 4 5 3 6
15 10 5 0 4 1 2 5 3 7 6
15 10 5 4 1 3 2 5 7 0 6
15 8 7 4 7 3 6 1 2 5 0
15 12 3 2 1 3 6 4 5 0 7
15 9 6 4 1 3 6 2 5 7 0
15 13 2 0 1 3 4 2 5 6 7
15 7 8 4 1 6 2 0 5 7 3
15 10 5 4 1 3 0 2 5 7 6
15 14 1 2 1 3 4 0 5 6 7
15 8 7 0 1 6 2 4 5 7 3
15 9 6 4 1 6 2 3 5 7 0
15 12 3 0 1 3 4 2 5 7 6
15 5 10 4 7 0 3 5 1 2 6
15 13 2 2 1 3 4 0 5 7 6
15 6 9 4 0 7 3 5 1 2 6
16 13 3 1 3 7 4 2 5 0 6
16 15 1 1 3 2 4 5 6 0 7
16 9 7 2 4 3 7 5 1 0 6
16 9 7 4 0 1 2 5 7 6 3
15 5 10 0 1 7 6 4 5 3 2
14 8 6 2 1 7 6 4 5 3 0
15 6 9 1 0 7 6 4 5 3 2
15 9 6 2 1 7 0 4 5 3 6
15 11 4 2 1 0 6 4 5 3 7
15 10 5 2 1 0 7 4 5 3 6
15 11 4 2 1 3 7 4 5 0 6
15 11 4 4 1 3 7 0 2 5 6
16 11 5 2 1 4 6 5 0 3 7
16 12 4 4 1 0 3 2 5 6 7
16 9 7 4 1 7 5 0 3 2 6
16 8 8 0 1 7 4 5 3 2 6
16 12 4 2 4 7 0 1 3 5 6
16 9 7 4 1 2 0 5 7 6 3
14 10 4 4 1 2 3 5 7 6 0
15 11 4 4 1 2 3 5 7 0 6
16 10 6 2 1 4 7 5 0 3 6
16 13 3 0 4 1 2 3 5 6 7
16 13 3 0 1 3 6 4 2 5 7
16 12 4 3 4 1 2 5 6 7 0
16 11 5 2 4 0 6 1 3 7 5
16 12 4 4 0 3 6 2 1 5 7
16 9 7 2 1 7 0 4 5 6 3
15 10 5 2 1 7 3 4 5 6 0
14 13 1 2 1 0 3 4 5 6 7
15 14 1 2 0 1 3 4 5 6 7
15 14 1 2 1 3 0 4 5 6 7
16 12 4 1 2 0 4 5 6 7 3
15 15 0 1 2 3 4 5 6 7 0
