0 0 4 7 6 0 5 1 3 2
6 1 4 7 0 6 5 1 3 2
2 3 4 7 2 6 5 1 3 0
5 2 4 7 2 6 0 1 3 5
1 1 4 7 2 6 1 0 3 5
7 1 4 0 2 6 1 7 3 5
4 1 0 4 2 6 1 7 3 5
1 1 1 4 2 6 0 7 3 5
5 2 1 4 2 6 5 7 3 0
6 1 1 4 2 0 5 7 3 6
3 3 1 4 2 3 5 7 0 6
7 1 1 4 2 3 5 0 7 6
4 1 1 0 2 3 5 4 7 6
2 1 1 2 0 3 5 4 7 6
3 1 1 2 3 0 5 4 7 6
5 3 1 2 3 5 0 4 7 6
6 2 1 2 3 5 6 4 7 0
7 1 1 2 3 5 6 4 0 7
5 3 1 2 3 0 6 4 5 7
6 3 1 2 3 6 0 4 5 7
2 3 1 0 3 6 2 4 5 7
3 1 1 3 0 6 2 4 5 7
5 1 1 3 5 6 2 4 0 7
6 3 1 3 5 0 2 4 6 7
7 1 1 3 5 7 2 4 6 0

41 0.11422181129455566